0.03627075167920665 -0.037289618425994764 -0.031907980434676214 -0.012240906672504229 
-0.0023848432842694302 0.031165555309141196 0.020951901110266798 -0.055387449981987365 
0.004345557750534445 0.007754063418802203 0.009691199388354601 0.0392353373297066 
-0.028984094033552482 0.021331493491454443 -0.01693157333862226 -0.012785029812880022 
0.009717707938574169 -0.0164877896283918 0.0142478656228754 0.010010260499009702 
-0.0007019179397741611 0.03358227151444496 -0.0029069151800188665 -0.02899752250608271 
-0.015514678152043205 0.015203497051128126 -0.01600702776926337 0.009156082222329345 
0.02151918576301848 -0.00650322598357267 0.010187304019052348 0.007731614104313526 
-0.044604296509635044 0.02860102386592136 -0.02093114523067924 -0.02654428602503983 
0.01713589495721088 -0.0295867900950192 0.025848022071322602 0.019728733238648804 
0.01618364770672555 -0.008730608123015276 0.009229398625488218 0.05976205145605704 
-0.029023824198522383 0.030339518780930053 -0.013649585948585891 -0.02789135108212265 
0.016374626217463044 -0.008986787236207019 0.02807043823087007 0.0196327195909918 
-0.029913093859224277 0.006677491898437858 -0.03549128629604266 -0.001315049325301302 
0.018301956430661608 -0.024659815736093278 0.01781008406615944 -0.007041331222654001 
0.04148003749776313 -0.021654413059629198 0.025768385147102293 0.017142653870528907 
-0.005759498937576102 0.011428092208708494 -0.04764936215417522 0.0013572285151303466 
0.006512834938849328 0.006277238090538182 0.0005806192021035215 -0.0277791247938131 
0.0018493149192946442 -0.00868987907272681 -0.025589879698432877 0.012363391612004018 
0.0045842192585406685 -0.0009996840175959011 -0.0028468261240659006 -0.022733939124673228 
0.00735347198605025 0.0105518706543242 0.0320793881404094 -0.01718925213823605 
-0.010400903495729068 0.017858626564114643 0.009905924624590999 0.020842290437104727 
-0.005100255250012542 0.006881482116205 0.0016945586373118796 0.010418938788179422 
-0.0009202346088550389 0.00543544814802378 0.007377418018661419 0.001435909501208779 
-0.00296877605216559 0.0027520826734429202 -0.00112731576737946 0.00619739650531986 
