0.13627075167920666 0.06271038157400524 0.06809201956532379 0.08775909332749578 
0.09761515671573058 0.1311655553091412 0.1209519011102668 0.04461255001801264 
0.10434555775053445 0.10775406341880221 0.1096911993883546 0.1392353373297066 
0.07101590596644752 0.12133149349145445 0.08306842666137775 0.08721497018711999 
0.10971770793857417 0.0835122103716082 0.11424786562287541 0.11001026049900971 
0.09929808206022585 0.13358227151444496 0.09709308481998113 0.07100247749391729 
0.0844853218479568 0.11520349705112813 0.08399297223073664 0.10915608222232935 
0.12151918576301848 0.09349677401642734 0.11018730401905236 0.10773161410431353 
0.05539570349036496 0.12860102386592137 0.07906885476932077 0.07345571397496017 
0.11713589495721088 0.0704132099049808 0.12584802207132262 0.11972873323864881 
0.11618364770672555 0.09126939187698473 0.10922939862548822 0.15976205145605704 
0.07097617580147762 0.13033951878093006 0.08635041405141411 0.07210864891787735 
0.11637462621746306 0.09101321276379298 0.12807043823087008 0.11963271959099181 
0.07008690614077573 0.10667749189843787 0.06450871370395735 0.09868495067469871 
0.11830195643066162 0.07534018426390673 0.11781008406615945 0.092958668777346 
0.14148003749776314 0.0783455869403708 0.1257683851471023 0.11714265387052891 
0.0942405010624239 0.1114280922087085 0.052350637845824784 0.10135722851513035 
0.10651283493884933 0.10627723809053818 0.10058061920210352 0.0722208752061869 
0.10184931491929465 0.0913101209272732 0.07441012030156713 0.11236339161200402 
0.10458421925854067 0.09900031598240411 0.0971531738759341 0.07726606087532678 
0.10735347198605026 0.1105518706543242 0.1320793881404094 0.08281074786176396 
0.08959909650427093 0.11785862656411465 0.109905924624591 0.12084229043710473 
0.09489974474998747 0.106881482116205 0.10169455863731189 0.11041893878817943 
0.09907976539114496 0.10543544814802379 0.10737741801866142 0.10143590950120879 
0.09703122394783442 0.10275208267344292 0.09887268423262055 0.10619739650531987 
