0.13627076 0.06271038 0.06809202 0.08775909 
0.09761516 0.13116556 0.120951906 0.044612553 
0.10434556 0.10775407 0.1096912 0.13923535 
0.07101591 0.1213315 0.08306843 0.08721497 
0.10971771 0.08351221 0.114247866 0.11001026 
0.09929808 0.13358226 0.09709308 0.07100248 
0.08448532 0.1152035 0.08399297 0.10915609 
0.121519186 0.09349678 0.11018731 0.10773162 
0.055395704 0.12860103 0.079068854 0.07345571 
0.1171359 0.07041321 0.12584803 0.11972874 
0.11618365 0.091269396 0.1092294 0.15976205 
0.070976175 0.13033952 0.08635042 0.07210865 
0.11637463 0.091013215 0.12807044 0.11963272 
0.07008691 0.106677495 0.064508714 0.09868495 
0.11830196 0.07534018 0.117810085 0.092958674 
0.14148004 0.07834559 0.1257684 0.117142655 
0.0942405 0.1114281 0.05235064 0.10135723 
0.10651284 0.10627724 0.10058062 0.07222088 
0.10184932 0.09131012 0.074410126 0.11236339 
0.10458422 0.09900032 0.09715317 0.07726606 
0.10735347 0.11055187 0.1320794 0.08281075 
0.089599095 0.117858626 0.10990593 0.12084229 
0.094899744 0.106881484 0.10169456 0.11041894 
0.099079765 0.105435446 0.10737742 0.101435915 
0.09703123 0.10275208 0.098872684 0.1061974 
