-0.10694494 -0.04824006 0.016729852 -0.08225461 
0.013646729 0.050939947 -0.030105112 -0.012504061 
0.19822732 0.01409704 -0.057684924 0.022459364 
0.101363 0.0634042 0.0667806 0.11417001 
-0.014125116 0.07390327 -0.085629486 0.11612921 
-0.0031909496 -0.11819202 0.16657825 -0.07814033 
-0.035802938 0.067199044 0.18713687 -0.020984413 
0.049467947 0.0015827072 -0.026936477 -0.03193402 
0.03949461 0.020238204 0.11916089 -0.11618396 
0.0051481337 -0.14374736 -0.03815349 0.100538865 
-0.094532974 0.05666703 -0.03022174 -0.12520073 
0.15618882 0.17014146 0.040425733 0.036044236 
-0.04200248 -0.124438785 0.08682313 -0.010006428 
-0.09642624 0.049459912 -0.15818097 0.050882943 
0.059753936 0.0053498317 0.031406384 -0.06584587 
-0.032655023 -0.07670471 -0.062865525 -0.027588803 
0.12816134 0.03666689 -0.009847768 -0.052126415 
0.026081258 0.001649777 -0.049448665 0.0035241898 
-0.028121758 -0.04064924 0.057419818 0.17411213 
-0.013184666 0.07163621 0.0045785005 -0.027087031 
0.0024795027 0.15812002 -0.074349605 0.0006512474 
0.09147446 -0.03800046 -0.00069861504 -0.006302466 
-0.08885918 -0.1834007 0.079257056 0.16810632 
-0.04486655 0.13733532 0.19903722 -0.006802102 
-0.11338842 -0.19656472 -0.032342445 -0.04087023 
-0.117589466 0.14539075 0.004116731 0.07579588 
-0.1403505 0.029362096 0.11356411 -0.0626161 
-0.021707617 -0.015163225 -0.15362488 -0.0903021 
0.11322483 -0.003986044 -0.08965971 0.062310196 
-0.13652582 -0.10620085 -0.09301771 -0.0685999 
0.067873105 0.002671383 -0.14994079 0.14888816 
0.042745378 0.0082712015 -0.056366455 0.038062964 
-0.011749155 0.15156111 0.074122444 -0.06274224 
-0.01892829 -0.07444176 -0.00932949 0.04393031 
0.03015455 -0.03195638 0.048981782 0.016245304 
-0.14026341 -0.023235178 0.0067162435 0.12664895 
