0.1 0.1 0.1 0.1 0.1 0.1 0.1 0.1 0.1 0.1 0.1 0.1 0.1 0.1 0.1 0.1 0.1 0.1 0.1 0.1 0.1 0.1 0.1 0.1 0.1 0.1 0.1 0.1 0.1 0.1 0.1 0.1 
0.1 0.1 0.1 0.1 0.1 0.1 0.1 0.1 0.1 0.1 0.1 0.1 0.1 0.1 0.1 0.1 0.1 0.1 0.1 0.1 0.1 0.1 0.1 0.1 0.1 0.1 0.1 0.1 0.1 0.1 0.1 0.1 
0.1 0.1 0.1 0.1 0.1 0.1 0.1 0.1 0.1 0.1 0.1 0.1 0.1 0.1 0.1 0.1 0.1 0.1 0.1 0.1 0.1 0.1 0.1 0.1 0.1 0.1 0.1 0.1 0.1 0.1 0.1 0.1 
0.1 0.1 0.1 0.1 0.1 0.1 0.1 0.1 0.1 0.1 0.1 0.1 0.1 0.1 0.1 0.1 0.1 0.1 0.1 0.1 0.1 0.1 0.1 0.1 0.1 0.1 0.1 0.1 0.1 0.1 0.1 0.1 
0.1 0.1 0.1 0.1 0.1 0.1 0.1 0.1 0.1 0.1 0.1 0.1 0.1 0.1 0.1 0.1 0.1 0.1 0.1 0.1 0.1 0.1 0.1 0.1 0.1 0.1 0.1 0.1 0.1 0.1 0.1 0.1 
0.1 0.1 0.1 0.1 0.1 0.1 0.1 0.1 0.1 0.1 0.1 0.1 0.1 0.1 0.1 0.1 0.1 0.1 0.1 0.1 0.1 0.1 0.1 0.1 0.1 0.1 0.1 0.1 0.1 0.1 0.1 0.1 
0.1 0.1 0.1 0.1 0.1 0.1 0.1 0.1 0.1 0.1 0.1 0.1 0.1 0.1 0.1 0.1 0.1 0.1 0.1 0.1 0.1 0.1 0.1 0.1 0.1 0.1 0.1 0.1 0.1 0.1 0.1 0.1 
0.1 0.1 0.1 0.1 0.1 0.1 0.1 0.1 0.1 0.1 0.1 0.1 0.1 0.1 0.1 0.1 0.1 0.1 0.1 0.1 0.1 0.1 0.1 0.1 0.1 0.1 0.1 0.1 0.1 0.1 0.1 0.1 
0.1 0.1 0.1 0.1 0.1 0.1 0.1 0.1 0.1 0.1 0.1 0.1 0.1 0.1 0.1 0.1 0.1 0.1 0.1 0.1 0.1 0.1 0.1 0.1 0.1 0.1 0.1 0.1 0.1 0.1 0.1 0.1 
0.1 0.1 0.1 0.1 0.1 0.1 0.1 0.1 0.1 0.1 0.1 0.1 0.1 0.1 0.1 0.1 0.1 0.1 0.1 0.1 0.1 0.1 0.1 0.1 0.1 0.1 0.1 0.1 0.1 0.1 0.1 0.1 
0.1 0.1 0.1 0.1 0.1 0.1 0.1 0.1 0.1 0.1 0.1 0.1 0.1 0.1 0.1 0.1 0.1 0.1 0.1 0.1 0.1 0.1 0.1 0.1 0.1 0.1 0.1 0.1 0.1 0.1 0.1 0.1 
0.1 0.1 0.1 0.1 0.1 0.1 0.1 0.1 0.1 0.1 0.1 0.1 0.1 0.1 0.1 0.1 0.1 0.1 0.1 0.1 0.1 0.1 0.1 0.1 0.1 0.1 0.1 0.1 0.1 0.1 0.1 0.1 
0.1 0.1 0.1 0.1 0.1 0.1 0.1 0.1 0.1 0.1 0.1 0.1 0.1 0.1 0.1 0.1 0.1 0.1 0.1 0.1 0.1 0.1 0.1 0.1 0.1 0.1 0.1 0.1 0.1 0.1 0.1 0.1 
0.1 0.1 0.1 0.1 0.1 0.1 0.1 0.1 0.1 0.1 0.1 0.1 0.1 0.1 0.1 0.1 0.1 0.1 0.1 0.1 0.1 0.1 0.1 0.1 0.1 0.1 0.1 0.1 0.1 0.1 0.1 0.1 
0.1 0.1 0.1 0.1 0.1 0.1 0.1 0.1 0.1 0.1 0.1 0.1 0.1 0.1 0.1 0.1 0.1 0.1 0.1 0.1 0.1 0.1 0.1 0.1 0.1 0.1 0.1 0.1 0.1 0.1 0.1 0.1 
0.1 0.1 0.1 0.1 0.1 0.1 0.1 0.1 0.1 0.1 0.1 0.1 0.1 0.1 0.1 0.1 0.1 0.1 0.1 0.1 0.1 0.1 0.1 0.1 0.1 0.1 0.1 0.1 0.1 0.1 0.1 0.1 
0.1 0.1 0.1 0.1 0.1 0.1 0.1 0.1 0.1 0.1 0.1 0.1 0.1 0.1 0.1 0.1 0.1 0.1 0.1 0.1 0.1 0.1 0.1 0.1 0.1 0.1 0.1 0.1 0.1 0.1 0.1 0.1 
0.1 0.1 0.1 0.1 0.1 0.1 0.1 0.1 0.1 0.1 0.1 0.1 0.1 0.1 0.1 0.1 0.1 0.1 0.1 0.1 0.1 0.1 0.1 0.1 0.1 0.1 0.1 0.1 0.1 0.1 0.1 0.1 
0.1 0.1 0.1 0.1 0.1 0.1 0.1 0.1 0.1 0.1 0.1 0.1 0.1 0.1 0.1 0.1 0.1 0.1 0.1 0.1 0.1 0.1 0.1 0.1 0.1 0.1 0.1 0.1 0.1 0.1 0.1 0.1 
0.1 0.1 0.1 0.1 0.1 0.1 0.1 0.1 0.1 0.1 0.1 0.1 0.1 0.1 0.1 0.1 0.1 0.1 0.1 0.1 0.1 0.1 0.1 0.1 0.1 0.1 0.1 0.1 0.1 0.1 0.1 0.1 
0.1 0.1 0.1 0.1 0.1 0.1 0.1 0.1 0.1 0.1 0.1 0.1 0.1 0.1 0.1 0.1 0.1 0.1 0.1 0.1 0.1 0.1 0.1 0.1 0.1 0.1 0.1 0.1 0.1 0.1 0.1 0.1 
0.1 0.1 0.1 0.1 0.1 0.1 0.1 0.1 0.1 0.1 0.1 0.1 0.1 0.1 0.1 0.1 0.1 0.1 0.1 0.1 0.1 0.1 0.1 0.1 0.1 0.1 0.1 0.1 0.1 0.1 0.1 0.1 
0.1 0.1 0.1 0.1 0.1 0.1 0.1 0.1 0.1 0.1 0.1 0.1 0.1 0.1 0.1 0.1 0.1 0.1 0.1 0.1 0.1 0.1 0.1 0.1 0.1 0.1 0.1 0.1 0.1 0.1 0.1 0.1 
0.1 0.1 0.1 0.1 0.1 0.1 0.1 0.1 0.1 0.1 0.1 0.1 0.1 0.1 0.1 0.1 0.1 0.1 0.1 0.1 0.1 0.1 0.1 0.1 0.1 0.1 0.1 0.1 0.1 0.1 0.1 0.1 
0.1 0.1 0.1 0.1 0.1 0.1 0.1 0.1 0.1 0.1 0.1 0.1 0.1 0.1 0.1 0.1 0.1 0.1 0.1 0.1 0.1 0.1 0.1 0.1 0.1 0.1 0.1 0.1 0.1 0.1 0.1 0.1 
0.1 0.1 0.1 0.1 0.1 0.1 0.1 0.1 0.1 0.1 0.1 0.1 0.1 0.1 0.1 0.1 0.1 0.1 0.1 0.1 0.1 0.1 0.1 0.1 0.1 0.1 0.1 0.1 0.1 0.1 0.1 0.1 
0.1 0.1 0.1 0.1 0.1 0.1 0.1 0.1 0.1 0.1 0.1 0.1 0.1 0.1 0.1 0.1 0.1 0.1 0.1 0.1 0.1 0.1 0.1 0.1 0.1 0.1 0.1 0.1 0.1 0.1 0.1 0.1 
0.1 0.1 0.1 0.1 0.1 0.1 0.1 0.1 0.1 0.1 0.1 0.1 0.1 0.1 0.1 0.1 0.1 0.1 0.1 0.1 0.1 0.1 0.1 0.1 0.1 0.1 0.1 0.1 0.1 0.1 0.1 0.1 
0.1 0.1 0.1 0.1 0.1 0.1 0.1 0.1 0.1 0.1 0.1 0.1 0.1 0.1 0.1 0.1 0.1 0.1 0.1 0.1 0.1 0.1 0.1 0.1 0.1 0.1 0.1 0.1 0.1 0.1 0.1 0.1 
0.1 0.1 0.1 0.1 0.1 0.1 0.1 0.1 0.1 0.1 0.1 0.1 0.1 0.1 0.1 0.1 0.1 0.1 0.1 0.1 0.1 0.1 0.1 0.1 0.1 0.1 0.1 0.1 0.1 0.1 0.1 0.1 
0.1 0.1299237877877813 0.12816332203606753 0.1238342001698465 0.1 0.1 0.13930326637308835 0.16073528636638582 0.10054365087057492 0.1 0.1 0.1 0.13862785596852717 0.1 0.1 0.21538650265008413 0.152795134773524 0.13006637408930816 0.1586478881765085 0.1 0.1622749682566411 0.1 0.1 0.15854790226996446 0.11859719408917989 0.1 0.1 0.1096692585461346 0.1 0.11358748601865518 0.16819068817246074 0.1 
0.19668584206890974 0.1 0.1 0.19454109361625063 0.16145159722352925 0.1 0.16521655273368996 0.2532532732772228 0.19478904153708632 0.1 0.12983026963643346 0.1 0.1587305355175188 0.15181045238363644 0.1 0.2655358123863369 0.15612535726254034 0.14177946344916625 0.1 0.1 0.1 0.1 0.10906957898223722 0.13217044773131945 0.14326747937451728 0.1740539505470835 0.1 0.2766329004483805 0.1 0.1 0.22659364647405872 0.1 
0.16331767842423464 0.1 0.1150251999721526 0.2196604821272654 0.2021807485279205 0.1 0.21864918269721517 0.3190464655567378 0.10847332256136666 0.1 0.1661041756989684 0.1 0.2516313467133763 0.31202751623924513 0.1 0.2812683964739714 0.1 0.13854245320921627 0.33784879379841576 0.18836789700548504 0.1705742551536672 0.1 0.1 0.1 0.16456850241827137 0.2237771649084711 0.1 0.28706664808769156 0.1 0.1 0.23200121285564632 0.1 
0.1 0.1 0.195505736849202 0.1 0.18659239387613022 0.1 0.22733779375444158 0.25849680223277316 0.1 0.1 0.18476781702021575 0.1 0.25290354464754006 0.33311380918770994 0.1 0.1362691642262856 0.1 0.1 0.42642446334516737 0.18299473559795318 0.2971375899242498 0.1 0.1 0.1 0.1 0.20758878231721345 0.1 0.24145095790058496 0.1 0.1 0.17727582820868937 0.19884028364450596 
0.1 0.14352123189709753 0.16168624618302055 0.1 0.20231244742905607 0.1 0.2348507858538709 0.141381336885109 0.1 0.13082026678754 0.21697969677198503 0.12006338096478322 0.24027769011168368 0.2171754467369218 0.1 0.1163216770665765 0.1 0.1 0.3604503096561562 0.12147132600235089 0.27733414223439956 0.1 0.10572913528981187 0.11024177429153778 0.1 0.12299879427973961 0.1 0.1 0.1 0.1 0.19020563401450896 0.15522343167424008 
0.1 0.10411396121037902 0.1027943532172791 0.1 0.11016812476998081 0.1 0.11535149590448189 0.10117463922190836 0.1 0.10495401237173158 0.10975056872389886 0.10243605435533042 0.11002029306619329 0.10690997118920009 0.1 0.10002686172143876 0.1 0.1 0.1196524241314921 0.1 0.11379760956038011 0.1 0.10070398965691996 0.10107603072969132 0.1 0.10009716609426264 0.1 0.1 0.1 0.1 0.10780008724186015 0.10514276902500157 
0.1 0.1 0.1 0.1 0.1 0.1 0.1 0.1 0.1 0.1 0.1 0.1 0.1 0.1 0.1 0.1 0.1 0.1 0.1 0.1 0.1 0.1 0.1 0.1 0.1 0.1 0.1 0.1 0.1 0.1 0.1 0.1 
0.1 0.1 0.1 0.1 0.1 0.1 0.1 0.1 0.1 0.1 0.1 0.1 0.1 0.1 0.1 0.1 0.1 0.1 0.1 0.1 0.1 0.1 0.1 0.1 0.1 0.1 0.1 0.1 0.1 0.1 0.1 0.1 
0.1 0.1 0.1 0.1 0.1 0.1 0.1 0.1 0.1 0.1 0.1 0.1 0.1 0.1 0.1 0.1 0.1 0.1 0.1 0.1 0.1 0.1 0.1 0.1 0.1 0.1 0.1 0.1 0.1 0.1 0.1 0.1 
0.1 0.1 0.1 0.1 0.1 0.1 0.1 0.1 0.1 0.1 0.1 0.1 0.1 0.1 0.1 0.1 0.1 0.1 0.1 0.1 0.1 0.1 0.1 0.1 0.1 0.1 0.1 0.1 0.1 0.1 0.1 0.1 
0.1 0.1 0.1 0.1 0.1 0.1 0.1 0.1 0.1 0.1 0.1 0.1 0.1 0.1 0.1 0.1 0.1 0.1 0.1 0.1 0.1 0.1 0.1 0.1 0.1 0.1 0.1 0.1 0.1 0.1 0.1 0.1 
0.1 0.1 0.1 0.1 0.1 0.1 0.1 0.1 0.1 0.1 0.1 0.1 0.1 0.1 0.1 0.1 0.1 0.1 0.1 0.1 0.1 0.1 0.1 0.1 0.1 0.1 0.1 0.1 0.1 0.1 0.1 0.1 
0.1 0.1 0.1 0.1 0.1 0.1 0.1 0.1 0.1 0.1 0.1 0.1 0.1 0.1 0.1 0.1 0.1 0.1 0.1 0.1 0.1 0.1 0.1 0.1 0.1 0.1 0.1 0.1 0.1 0.1 0.1 0.1 
0.1 0.1 0.1 0.1 0.1 0.1 0.1 0.1 0.1 0.1 0.1 0.1 0.1 0.1 0.1 0.1 0.1 0.1 0.1 0.1 0.1 0.1 0.1 0.1 0.1 0.1 0.1 0.1 0.1 0.1 0.1 0.1 
0.08795103512920616 0.2803494434941507 0.12122868794598854 0.11434260622135395 0.2891158822740741 0.1670073610234186 0.13724304223766315 0.14729623793801438 0.0899883941574964 0.0775237287036814 0.3231655057330599 0.07677983458632995 0.22136474452732952 0.09668793228952527 0.0725211162544625 0.3945665066599344 0.31399909742658616 0.11798758362418273 0.14264561035363285 0.0787573642454276 0.13403479236211385 0.07488425394752396 0.08865851897362723 0.13096045808293355 0.09347495271548345 0.12275025882849296 0.07560468781267604 0.09656659596307887 0.06712892609124727 0.11726270714682724 0.26328326543741887 0.10245067546986623 
0.27034644077770187 0.07380020840614948 0.0 0.15693899365341513 0.3901301509659322 0.2896157155778721 0.04603633353936508 0.3499309050730953 0.14724809502291772 0.0 0.3461845159038213 0.0 0.2778201038447647 0.12124707884891911 0.16297926637173968 0.5956850357040535 0.26817694403425374 0.060885832529675665 0.2791353979069423 0.0 0.0 0.10679994919528679 0.2883811267062095 0.17381300977937542 0.0 0.06301143972104534 0.0 0.3203398090918961 0.0 0.008316783208750372 0.4387392756446795 0.17126758508337436 
0.21609760147014245 0.030678241652395077 0.0867188716039589 0.3521444489762754 0.43820485414137 0.3477677439660444 0.09965524762779723 0.5048277689935607 0.0007834256421892505 0.0 0.3275519606845568 0.07822156255655587 0.278613088272489 0.23777943515556096 0.012614570908267661 0.5703795387014718 0.0950677389412586 0.17608133110798319 0.5558025247653477 0.06620363215096445 0.09045140601763345 0.0 0.3820789583364542 0.28200990614729504 0.0 0.2805154642114633 0.022512041439029074 0.3173506110345503 0.0 0.0 0.4603542012681867 0.28174759817633277 
0.1979148374285372 0.0 0.11518752749359643 0.3405115798942756 0.3779809513676937 0.29573959068803024 0.15381800723409614 0.4772120663088094 0.01918246871582127 0.0 0.17877851955783383 0.11221856455477007 0.08104562262542928 0.2976787234709787 0.01956584656838098 0.22039786002981498 0.06240403107627655 0.20419916973909702 0.5425877913851126 0.12382655911007674 0.14131180894893586 0.0 0.4044791679182338 0.47635081345817887 0.0 0.38850381017153035 0.04081450311200974 0.3381927348283824 0.0 0.0 0.3873641755640739 0.25087749952302063 
0.07075127305906159 0.0 0.14183408992788454 0.22232253597360227 0.2210492432861696 0.09691477148729488 0.202597415751031 0.41387527969589455 0.0064596054128635005 0.0 0.15312360473507197 0.05294591386791809 0.15675468944125337 0.30846939933491 0.06001100817181409 0.10305125920394148 0.0 0.24425741139004134 0.5484356560122478 0.1603652026499426 0.18118571491232532 0.0 0.3612745233665905 0.42157015283260413 0.0 0.4301860488188386 0.07959670335356364 0.2761959799758622 0.0 0.0 0.1745746209024106 0.2009011012192058 
0.07864119819384907 0.12423751606046277 0.17136261405601477 0.1883718112373709 0.18090015149624494 0.04186597203748555 0.2218827206083851 0.38571988477823094 0.0 0.11609543499364622 0.20219352965640636 0.11688810864191707 0.2349819461768531 0.3108615479141274 0.053022934138330605 0.10495686678222793 0.05573881776856518 0.19112498013601764 0.38635441457687925 0.1612621683452971 0.2695555524376333 0.04566048353715635 0.160018663047436 0.08841045052649281 0.0 0.36398327461829816 0.07897744672917612 0.2744395124832981 0.0 0.047751725092535696 0.1791451203556002 0.19795043157874254 
0.09506574163584461 0.14259068476626346 0.17204213477136088 0.09486707985420682 0.17778850569438903 0.0918352460990908 0.25349870240254957 0.23594880436043159 0.0842375935328038 0.11766698919822824 0.19421129532159015 0.10830234970380068 0.23634532356994614 0.2929658230915888 0.09957881202649374 0.16152110139519915 0.09937844961427367 0.13074542895445126 0.40576877234340214 0.16259070135621367 0.2939341797580947 0.09870978092255789 0.10221253879718536 0.1033818106743526 0.0862291439687026 0.1833236089194361 0.09881635668750599 0.1549296044976027 0.0889052947198828 0.09811512601140247 0.2153766545632761 0.1918490455398848 
0.1626758730438813 0.1 0.1 0.128137125792577 0.19322264412397747 0.1 0.21979034294206745 0.15586636224261258 0.12986665656017568 0.1 0.17178375147349986 0.1 0.19189717877826365 0.1354686886874792 0.1192342276041597 0.19983684891483822 0.11921594993955417 0.11335720059319225 0.20591208146313222 0.10376584860822624 0.15885822666903826 0.12926499302294694 0.14254050457291093 0.12579830134482844 0.1 0.14632023078466228 0.1 0.1969181271058052 0.1 0.1 0.22040146986240533 0.1 
0.1 0.1274643839157747 0.1703471705471547 0.14104585024069421 0.13779128966641888 0.1 0.1335167796453243 0.1888752949520376 0.1 0.1 0.16739758211604872 0.10860684566285225 0.20358272884017783 0.2117266809939904 0.1 0.12364928337986886 0.1 0.11847509004661763 0.28820999719140394 0.16460612600284644 0.2260352648649178 0.1 0.1 0.1 0.11595032572889995 0.15835922110917489 0.1 0.18964994099094373 0.1 0.1 0.14798218902377452 0.15093112220404334 
0.1 0.12553095415233512 0.11543622125854593 0.1 0.16657506741922382 0.1 0.20278320771485098 0.10613845531832461 0.1 0.13380894325485096 0.16184114952206152 0.11561500729849655 0.16228305015351602 0.1424470278700427 0.1 0.1 0.1 0.1 0.2242213180152365 0.1 0.1871399762909685 0.1 0.10402279792963401 0.10614874685881501 0.1 0.1 0.1 0.1 0.1 0.1 0.14996430277849476 0.13426125055989452 
0.1 0.1 0.1 0.1 0.1 0.1 0.1 0.1 0.1 0.1 0.1 0.1 0.1 0.1 0.1 0.1 0.1 0.1 0.1 0.1 0.1 0.1 0.1 0.1 0.1 0.1 0.1 0.1 0.1 0.1 0.1 0.1 
0.1 0.1 0.1 0.1 0.1 0.1 0.1 0.1 0.1 0.1 0.1 0.1 0.1 0.1 0.1 0.1 0.1 0.1 0.1 0.1 0.1 0.1 0.1 0.1 0.1 0.1 0.1 0.1 0.1 0.1 0.1 0.1 
0.1 0.1 0.1 0.1 0.1 0.1 0.1 0.1 0.1 0.1 0.1 0.1 0.1 0.1 0.1 0.1 0.1 0.1 0.1 0.1 0.1 0.1 0.1 0.1 0.1 0.1 0.1 0.1 0.1 0.1 0.1 0.1 
0.1 0.1 0.1 0.1 0.1 0.1 0.1 0.1 0.1 0.1 0.1 0.1 0.1 0.1 0.1 0.1 0.1 0.1 0.1 0.1 0.1 0.1 0.1 0.1 0.1 0.1 0.1 0.1 0.1 0.1 0.1 0.1 
0.20874473885153422 0.4014744317030876 0.09718201876655427 0.07360573825251075 0.3585371929946093 0.43962145787616647 0.14304082014665237 0.07838840729191676 0.10980452619407852 0.10374154760127295 0.37855995270716514 0.17040999958303296 0.185401054872619 0.27223256601636464 0.3137020596549342 0.400081646162199 0.21141266217911478 0.21586896740977884 0.2132544073584474 0.10495315536115057 0.17522534096647777 0.08782451433447248 0.17091476534354183 0.18939142593614822 0.002363161688336113 0.15111292256352282 0.09989730539162081 0.03399381235691497 0.2829162343241189 0.11634331515925228 0.19156778991066709 0.29768371645093705 
0.3117571340544384 0.2306558065117534 0.0 0.14379872062006374 0.4504193453911106 0.6505971381316917 0.069080807453265 0.0 0.28697747614707264 0.0 0.6686539671680596 0.3056281344017977 0.22109243883310137 0.49905600247970006 0.372848978875434 0.3430482484897893 0.019176843765458113 0.34309092740120095 0.5863766708311885 0.17742478255357183 0.006236473514003721 0.0 0.2798716773915143 0.13501861432463025 0.0 0.16837911251391416 0.0 0.0 0.34336385867374736 0.00770066882574473 0.5405842620718657 0.6035418711512869 
0.21587269771284376 0.0 0.0 0.38254445523865643 0.5119643076809308 0.629023585042944 0.1791899854600177 0.0 0.49502063228091686 0.0 0.5905336873441114 0.503529795302039 0.25280468389429045 0.4764723070749095 0.3034265443587134 0.06343430514226335 0.01663480918635349 0.5965407227573732 0.7519723393382313 0.21982168150733464 0.0 0.11652112423552627 0.31765432944559135 0.4298891711933547 0.0 0.5321795743059963 0.19686444412580564 0.0 0.0 0.0 0.6484700775251898 0.4890869312959293 
0.25560195594587287 0.0 0.03638436300221079 0.4504705165592815 0.5207315847925301 0.6099531177958087 0.18343868330070542 0.0 0.49451101545279075 0.0 0.5240645602476033 0.37011648878486303 0.19694262109480543 0.43039429171482235 0.2738740036336311 0.1577139961297282 0.0 0.5434555255915037 0.6324199837280483 0.24302737422867754 0.0 0.07285346897648412 0.36037588833928635 0.4742179134054457 0.0 0.467249085421808 0.18374081812748802 0.0 0.0 0.0 0.5068697545444706 0.40282658689870543 
0.09036930489599969 0.0 0.11200438926225592 0.4643095443255689 0.4677194204465521 0.5754110358771863 0.2362296889812778 0.28238782812923946 0.40471557214317755 0.0 0.3719219258642408 0.23667451136626064 0.06076605894853525 0.27705719045289945 0.2848327800718983 0.19832903682630965 0.11526264687516077 0.34709983926424526 0.49606181811487615 0.04805085241763696 0.0 0.05877598823129764 0.43421037324944667 0.4816090794068629 0.0 0.4866146364883608 0.13697838427350684 0.11547883491631489 0.0 0.0 0.4371003708720488 0.23312357994887525 
0.056752468480214084 0.0 0.125552529636281 0.4719478200101831 0.45122459940301185 0.544666134605325 0.1287233340779037 0.4146142191490295 0.20971558359819426 0.0 0.15636995864160072 0.07241545653109975 0.014994212760199271 0.14601945476021594 0.22859927197945762 0.19751941405409063 0.11672658897199921 0.23454270664417268 0.5261636267987491 0.13025018734872632 0.03455232605462448 0.0747689079860858 0.4354591747122819 0.46318252117305814 0.0 0.42743728833808725 0.13249829110764388 0.26819098056351987 0.0 0.0 0.37514910718232375 0.1808283836905043 
0.0670203556045706 0.0 0.13430107691314477 0.3347340442006415 0.3067619853479332 0.22362934461826084 0.21979414769491828 0.39518918532926783 0.07392635943822329 0.0 0.2134136591025934 0.030252375481276003 0.10236514799995614 0.27372436785602505 0.017154308179002528 0.1754197432953568 0.05246262697433049 0.24392349253213844 0.5533189834620138 0.14859168725783728 0.048834979330928716 0.0 0.40365456215420525 0.4597144640335509 0.0 0.4168795748229115 0.07746132618966944 0.27280262751205475 0.0 0.0 0.20425079489957199 0.22036829011826592 
0.20566884260947899 0.0 0.08556239857826489 0.1696544649339634 0.36794499046068874 0.25596257649591503 0.1861385601642741 0.3816007428810395 0.0 0.0 0.3207429235071427 0.026295788260449815 0.2637849265202788 0.20078372791500437 0.12997120022329628 0.2680724311311436 0.05905465166705352 0.18261357819333232 0.4343588192068113 0.07791249859436046 0.1693999325265588 0.0 0.3277170886008356 0.1718303741496447 0.0 0.3182859226281541 0.04985662382683831 0.2965548587171586 0.0 0.0 0.2869460696740461 0.25259696171058443 
0.17214867863814567 0.07542150049826639 0.2034273981389061 0.17554974100059387 0.17475113189165853 0.09307293756535581 0.16242569736037474 0.2742397732014723 0.0 0.0 0.15439896901665978 0.2517103083895537 0.1533448044086184 0.3090895855660927 0.02155101933578768 0.09373446715533476 0.04245970592339755 0.2411871387588302 0.5641676983795894 0.18723652301472254 0.22158249607047192 0.0 0.23513671402208533 0.27362362559868847 0.0 0.3422338608909129 0.3167602018614074 0.2894367859633531 0.0 0.0 0.18199713437315146 0.31130825887849944 
0.05969075405250251 0.09380052194907941 0.1475499545390812 0.15326919735830352 0.15317301050984364 0.19497699427793277 0.2426485238598888 0.1800066258580851 0.1148507758551156 0.11860457538026381 0.21341406714838168 0.2417556658604746 0.16697252182235833 0.1978746901052748 0.154937496345048 0.062154227347712206 0.09279466103729446 0.2687152899870697 0.351694253803551 0.11382239805357115 0.20534468741726902 0.0679414790896886 0.1918613434892689 0.293419294008904 0.0 0.271978340052193 0.364290337559797 0.08911282011135616 0.007211283766276 0.0682405436007609 0.1704016594172704 0.1540736025316627 
0.1 0.1 0.1 0.1 0.1 0.1 0.1 0.1 0.1 0.1 0.1 0.1 0.1 0.1 0.1 0.1 0.1 0.1 0.1 0.1 0.1 0.1 0.1 0.1 0.1 0.1 0.1 0.1 0.1 0.1 0.1 0.1 
0.1 0.1 0.1 0.1 0.1 0.1 0.1 0.1 0.1 0.1 0.1 0.1 0.1 0.1 0.1 0.1 0.1 0.1 0.1 0.1 0.1 0.1 0.1 0.1 0.1 0.1 0.1 0.1 0.1 0.1 0.1 0.1 
0.1 0.1 0.1 0.1 0.1 0.1 0.1 0.1 0.1 0.1 0.1 0.1 0.1 0.1 0.1 0.1 0.1 0.1 0.1 0.1 0.1 0.1 0.1 0.1 0.1 0.1 0.1 0.1 0.1 0.1 0.1 0.1 
0.1 0.1 0.1 0.1 0.1 0.1 0.1 0.1 0.1 0.1 0.1 0.1 0.1 0.1 0.1 0.1 0.1 0.1 0.1 0.1 0.1 0.1 0.1 0.1 0.1 0.1 0.1 0.1 0.1 0.1 0.1 0.1 
0.18506971183744314 0.2613940820804767 0.0676569293592948 0.0 0.13274509422873382 0.34792840225831856 0.22318235600247888 0.0 0.26206040402104125 0.01926488466271531 0.3324185994683876 0.21447535407172708 0.03578393034202498 0.39685746145388134 0.33040759967212113 0.12648078290285253 0.12330550014766811 0.3311768376280063 0.3027808770038878 0.25938832477071955 0.26237698853633684 0.1141307111311248 0.1245995326149894 0.12236147063400302 0.020393790764551195 0.2587990470707743 0.011973111613475418 0.004903312072664201 0.4047916950131619 0.08841054148536073 0.0358282918987788 0.33274776089376845 
0.22396890141326664 0.18936658463621975 0.013159229220304283 0.18282184791971867 0.235849442104127 0.47396054370947227 0.1572212308840341 0.0 0.3348991613027965 0.024509188041622193 0.5987731199545031 0.36552726568299765 0.0 0.5676220514951276 0.3769787532363119 0.09490651870589029 0.09292883232920492 0.5013206303164071 0.5375300609798934 0.32596565544423783 0.1122345670098668 0.19186250777955613 0.13745287475686907 0.1003696506138941 0.0038990558605044856 0.12815761987058705 0.024579314068763652 0.0 0.42339183974190175 0.2948781693082465 0.5975110707790544 0.4464357314512878 
0.41011140438977334 0.13079073093560922 0.0 0.34743200432122945 0.2555635998528578 0.32641966969642977 0.38948388323020244 0.0 0.5068756595486624 0.0 0.6988803532943487 0.43751159691894403 0.0 0.6670764096377233 0.270726554028083 0.0 0.08937335680221577 0.6469713618707789 0.7987553574447029 0.3342524009542669 0.0 0.3444286582277216 0.09332594556865295 0.2046591020495478 0.0 0.36855628870251134 0.07793907259525248 0.0 0.4493766061817067 0.26335058592724364 0.5820264691363597 0.3949133273276506 
0.42675018904324147 0.13048975114615946 0.0 0.34032778411144016 0.2684959660644939 0.32828159869363516 0.38948388323020244 0.0 0.5068756595486624 0.0 0.7058697723943305 0.42603855689552106 0.0 0.6670764096377233 0.252377186308687 0.0 0.08937335680221577 0.6469713618707789 0.7987553574447029 0.3342524009542669 0.0 0.3444286582277216 0.034013800184047926 0.21962725411759615 0.0 0.3834918451072783 0.03816211014898058 0.0 0.4493766061817067 0.24703784679244895 0.5014055319437571 0.3949133273276506 
0.4303444664036279 0.2565961198208081 0.0 0.38297999032537333 0.40593155579972284 0.411837111506295 0.33049653349890945 0.0 0.4902743053003835 0.0 0.7833840396943705 0.3067323741030934 0.08585581260634179 0.7246748341201756 0.2826949687049092 0.0 0.020711736839878703 0.5537802673263482 0.6605000648530374 0.34365644170616094 0.0 0.2961211578979477 0.006281947981460381 0.29648032563299465 0.0 0.43591481656783937 0.033277176455140375 0.0 0.39552187195789734 0.25563415868254274 0.549447012512043 0.47785146392278877 
0.43360583600506053 0.19650313586654572 0.0 0.4098165458951123 0.4526771107463755 0.4385520777477685 0.21269385162978166 0.0 0.4345349052652021 0.0 0.7575414431375822 0.18438916856883614 0.19509527975416452 0.6385965513586289 0.22691210743735057 0.061088970321892616 0.04943757096155352 0.4520227653062374 0.5575456598406343 0.21400850618307798 0.0 0.1692790190900569 0.21642251322425654 0.3672912121990478 0.0 0.4276772642452039 0.0 0.0 0.2426018746018197 0.11721440272018048 0.7190718547355949 0.4431589247636204 
0.3785944091937036 0.0 0.06376941302829878 0.4340035185845388 0.46165112886566706 0.4995388957334471 0.22974547063423306 0.05614815174115188 0.4741954832144095 0.0 0.5480671757226199 0.07816797890371667 0.1368115719200601 0.48048999458135977 0.24761763155596628 0.22622207834515207 0.029667552498167646 0.3435104092409137 0.5512343853560627 0.13049892136105928 0.0 0.09433169905914726 0.3429910211612587 0.43146681753792393 0.0 0.6085085455848117 0.05774437565045357 0.0 0.0 0.0 0.563608516469609 0.2554252586567818 
0.18261749061443067 0.0 0.0849321249287733 0.4085434574749075 0.44727119812866345 0.537379879800794 0.18352793715782864 0.0 0.40102042188965425 0.0 0.43946292399211984 0.2923970886993177 0.006829886605817084 0.5410642855441304 0.3513630446611681 0.18454117050561125 0.0 0.4714148607461497 0.7539904337824386 0.3091407791716616 0.0 0.0 0.3285370271979773 0.4253629527452899 0.0 0.6523552529290234 0.10226140285047444 0.008185438822152405 0.0 0.0 0.3932494549325274 0.4441736117400633 
0.0 0.0 0.1787890681139323 0.49667430850669714 0.2392148242829776 0.21736643898260374 0.42970692619296547 0.1612867310486243 0.0774217950289196 0.0 0.36291888375395653 0.4390009100316409 0.0587482474594089 0.29911550412801313 0.18037687163194774 0.0 0.16371946631352227 0.42954622431088796 0.8010971351594722 0.2542009391462544 0.0 0.249290726691563 0.21676937798065626 0.493292204144403 0.0 0.5039751280796659 0.5294069103676393 0.0 0.0 0.0 0.48262210857691645 0.24073978469497467 
0.13904756041612912 0.06511696979691411 0.20462847906108278 0.25577634279758266 0.1419946586393146 0.20252556643010697 0.3492107469208158 0.20638994465723712 0.22951228824146716 0.03251858859863577 0.18695957577720354 0.22157716470133346 0.05498515325164921 0.1049698153708599 0.2049375305345888 0.08130990597252911 0.09334136320667373 0.341692289459558 0.30517647819621846 0.14174087504545765 0.11580978326277092 0.2806009710877123 0.2686329669926869 0.4442224650914446 0.0406316166553951 0.49188169054022046 0.42723387067346064 0.10466757430293579 0.14799223491342167 0.057304578638577595 0.05019460286659411 0.12566628021923074 
0.1 0.1 0.1 0.1 0.1 0.1 0.1 0.1 0.1 0.1 0.1 0.1 0.1 0.1 0.1 0.1 0.1 0.1 0.1 0.1 0.1 0.1 0.1 0.1 0.1 0.1 0.1 0.1 0.1 0.1 0.1 0.1 
0.1 0.1 0.1 0.1 0.1 0.1 0.1 0.1 0.1 0.1 0.1 0.1 0.1 0.1 0.1 0.1 0.1 0.1 0.1 0.1 0.1 0.1 0.1 0.1 0.1 0.1 0.1 0.1 0.1 0.1 0.1 0.1 
0.1 0.1 0.1 0.1 0.1 0.1 0.1 0.1 0.1 0.1 0.1 0.1 0.1 0.1 0.1 0.1 0.1 0.1 0.1 0.1 0.1 0.1 0.1 0.1 0.1 0.1 0.1 0.1 0.1 0.1 0.1 0.1 
0.1 0.1 0.1 0.1 0.1 0.1 0.1 0.1 0.1 0.1 0.1 0.1 0.1 0.1 0.1 0.1 0.1 0.1 0.1 0.1 0.1 0.1 0.1 0.1 0.1 0.1 0.1 0.1 0.1 0.1 0.1 0.1 
0.1 0.1 0.1 0.1 0.1 0.12744858593857536 0.14683990818765158 0.1 0.12766129316555608 0.1 0.1970083769968064 0.19406719578857762 0.1 0.2060105647787463 0.17305445670038438 0.15916891860577456 0.1292718877225896 0.19057697296210802 0.2884368965647416 0.1 0.13246346140664 0.1560835180427722 0.17947391432152585 0.1 0.10713132053428312 0.1 0.15312498004079672 0.1 0.24514162907514842 0.1 0.1 0.2450795419965016 
0.1150425751742628 0.1004584713416965 0.1 0.1141871318640845 0.1 0.1537691321974236 0.12216114585375527 0.1 0.12435828668440299 0.1 0.29851298503595586 0.2495608761346904 0.1 0.22105368741952508 0.1 0.12811704434759916 0.12222167594568221 0.3150189662786591 0.47131431942498603 0.11257025139050181 0.1 0.16838562830299425 0.24709568263437223 0.1 0.11292788913076929 0.1 0.18614051849087676 0.1 0.21870659350361413 0.22004338701549755 0.28046963969152106 0.3162316736806364 
0.21578185054387414 0.12306523797219568 0.1 0.1374011674490657 0.1 0.1 0.1668406422988502 0.2096178026730976 0.24313778622940999 0.1 0.283414430356494 0.25844118440172903 0.1 0.3639523192083234 0.1 0.1 0.10306945378446838 0.3291389439901242 0.5489083782268502 0.11164725080197366 0.1 0.13631989170674422 0.18284698717957823 0.1 0.1021815257819122 0.1 0.14840838467824674 0.1 0.339251340848692 0.24280423471940496 0.2708747994526587 0.38022430780001715 
0.2276137198595146 0.12797663834923997 0.1 0.12236091078913397 0.1 0.10357989683713065 0.18442462827398456 0.2096178026730976 0.2520359307899506 0.1 0.2915579168194753 0.2720725488163844 0.1 0.3865394910109322 0.10878018698485631 0.10620267346133865 0.10800403201782718 0.33967291226997476 0.5615021604233541 0.11433016007252464 0.108876727970903 0.11596174622689541 0.15012325922115471 0.1 0.1021815257819122 0.1 0.11757079997170876 0.1 0.374505113852287 0.24280423471940496 0.25500608091837706 0.3870762909772866 
0.34078931818409963 0.3099268178850325 0.07418220177244383 0.053654975436810116 0.08295460123336079 0.21758976828905974 0.2526403085569481 0.07813525896794048 0.3866740429190352 0.05644436632479163 0.4679265384079526 0.28098011553510294 0.0010701538311591874 0.5713825338254925 0.1410884249159242 0.16160945940067084 0.14727574439352442 0.47172235395074547 0.6200265051377924 0.2696513365652942 0.19034720326735513 0.13945897873960095 0.16218248329663926 0.05707007888686499 0.09628231313318489 0.19683391453613652 0.11186632534690692 0.02219549835978167 0.46560287786730015 0.3039641047098059 0.20316675592716776 0.4776515148482273 
0.33342701439781686 0.4006963754921099 0.009045871325079363 0.18953183875488339 0.3641522230689339 0.42400803743691096 0.25355234454465536 0.0 0.38965445159251744 0.0 0.7927241037179411 0.11036909716347254 0.0 0.6735713693177685 0.18819092360576556 0.21145530014261685 0.19000517543038947 0.5324383424839811 0.6849252247445157 0.29726439559285267 0.06095780569242891 0.09762671676636545 0.2246828119260194 0.11405901471494166 0.0 0.20256393821967128 0.0 0.0 0.2858784724360116 0.36717157283533475 0.6821437288203586 0.5054662426390263 
0.5065272828058197 0.059661738270400354 0.0 0.31970097221950794 0.39020146641814346 0.38789567553234805 0.2007423382599821 0.0 0.5352072323812865 0.0 0.7201866711967717 0.19603518761306504 0.03096207711731705 0.8087575340827949 0.1732729313882493 0.005624985799078996 0.0 0.46056129645140487 0.8847976695033116 0.3039928011705789 0.0 0.0513838631689819 0.1882754849538994 0.10529160273119542 0.0 0.3681861020962047 0.0 0.0 0.13129478404235928 0.08916271107708765 0.7459632091266601 0.5131700256527872 
0.25200120166642814 0.0 0.0 0.575046560072797 0.3585226040562046 0.2910599970922185 0.34280417220287174 0.08659949200932325 0.4099191850011793 0.0 0.5588312569977008 0.487090851038415 0.0 0.8670167414287668 0.20635606107900006 0.0 0.00991967046759984 0.585218639940566 1.1061903716372679 0.31642971321500557 0.0 0.11490493825178921 0.26844595758126466 0.36978099040521073 0.0 0.510288936887817 0.36652824469238054 0.0 0.0 0.0 0.6067606864310878 0.6512104086927679 
0.11367611797464919 0.0 0.00992013039580772 0.5399437959983623 0.23824626446008876 0.09458612847164985 0.43182725282702406 0.34812774741403807 0.288448238345117 0.0 0.4101071821206026 0.45961531258592714 0.0 0.3593678529013804 0.14727626301714183 0.0 0.17171725609534644 0.5287584684657289 0.8611181028231991 0.16777281782129488 0.0 0.29104410607970066 0.23056138604192936 0.5063216023476058 0.0 0.4878080453602023 0.4928171900385967 0.01023764796521813 0.07410205138551716 0.0 0.5256888101154762 0.2278075900882952 
0.23255507615137255 0.09271187766507821 0.0696436505071256 0.2200260714476356 0.08712876605476652 0.10631331302035942 0.3152174984727829 0.3170667499729938 0.2996668470370397 0.06196312893215081 0.16953983413868362 0.12905826385505967 0.0778984769020766 0.24560416899173124 0.15148254925940022 0.06313784178941041 0.10140802312166296 0.2426983780520777 0.30439615413977994 0.13210313058582213 0.0656610304166805 0.2684773340676802 0.07308359064230341 0.162925860586374 0.10140495120881157 0.4337663538765606 0.16414172777844221 0.13797133609656773 0.2827280341806725 0.1006368813266071 0.0872225918340152 0.1841365605579625 
0.1 0.1 0.1 0.1 0.1 0.1 0.1 0.1 0.1 0.1 0.1 0.1 0.1 0.1 0.1 0.1 0.1 0.1 0.1 0.1 0.1 0.1 0.1 0.1 0.1 0.1 0.1 0.1 0.1 0.1 0.1 0.1 
0.1 0.1 0.1 0.1 0.1 0.1 0.1 0.1 0.1 0.1 0.1 0.1 0.1 0.1 0.1 0.1 0.1 0.1 0.1 0.1 0.1 0.1 0.1 0.1 0.1 0.1 0.1 0.1 0.1 0.1 0.1 0.1 
0.1 0.1 0.1 0.1 0.1 0.1 0.1 0.1 0.1 0.1 0.1 0.1 0.1 0.1 0.1 0.1 0.1 0.1 0.1 0.1 0.1 0.1 0.1 0.1 0.1 0.1 0.1 0.1 0.1 0.1 0.1 0.1 
0.1 0.1 0.1 0.1 0.1 0.1 0.1 0.1 0.1 0.1 0.1 0.1 0.1 0.1 0.1 0.1 0.1 0.1 0.1 0.1 0.1 0.1 0.1 0.1 0.1 0.1 0.1 0.1 0.1 0.1 0.1 0.1 
0.1 0.1 0.1 0.1 0.1 0.1 0.1 0.1 0.1 0.1 0.1 0.1 0.1 0.1 0.1 0.1 0.1 0.1 0.1 0.1 0.1 0.1 0.1 0.1 0.1 0.1 0.1 0.1 0.1 0.1 0.1 0.1 
0.1 0.1 0.1 0.1 0.1 0.1 0.1 0.1 0.1 0.1 0.1 0.1 0.1 0.1 0.1 0.1 0.1 0.1 0.1 0.1 0.1 0.1 0.1 0.1 0.1 0.1 0.1 0.1 0.1 0.1 0.1 0.1 
0.1 0.1 0.1 0.1 0.1 0.1 0.1 0.1 0.1 0.1 0.1 0.1 0.1 0.1 0.1 0.1 0.1 0.1 0.1 0.1 0.1 0.1 0.1 0.1 0.1 0.1 0.1 0.1 0.1 0.1 0.1 0.1 
0.1 0.10121882670402382 0.10103494605126105 0.10058934182069336 0.1 0.1 0.10111103445848944 0.10170838427994355 0.1 0.1 0.1 0.1 0.10102210167357024 0.1 0.1 0.1031397520629823 0.10146962908079123 0.10080652165309015 0.10189917453336275 0.1 0.10207697925613654 0.1 0.1 0.10174110355364012 0.10047116035064259 0.1 0.1 0.10016358876848211 0.1 0.10056039692382594 0.10175721837870044 0.1 
0.11138793905916633 0.18078118385508454 0.11965890052573543 0.11459716879901459 0.28779454794914683 0.18478371183266173 0.17493799557284334 0.14472058712570365 0.09938200731308482 0.06174303460072044 0.33507669330178713 0.07270328482450349 0.1944493096165093 0.11061324107587467 0.06093230279798851 0.3437275101355822 0.27366512487347383 0.16410199212083 0.21833255450519928 0.07756996447224469 0.14047205674862442 0.09873218702662265 0.13147278202361665 0.13462151221643298 0.10535463616727081 0.0969679390144451 0.05850831597678259 0.10039033341853686 0.06543749511670376 0.11761808816056599 0.25681644177879404 0.08223188016894406 
0.26463971239136264 0.194443021465817 0.0 0.0 0.3496615462869287 0.4271859525020818 0.2197017188910858 0.021963487461064413 0.259238241868757 0.0 0.46599164838605456 0.0 0.09367184177782387 0.4669214505219401 0.2796513930543248 0.4944353125910824 0.17969700032519492 0.32654798559132214 0.40413180783423963 0.24266956610667054 0.06995181365231656 0.12367546417081657 0.3046809595475958 0.12299302189288325 0.0 0.1996081856212363 0.0 0.0 0.04692995122231926 0.0 0.30181452254448493 0.44525820177547937 
0.3192285755818075 0.04327005475557799 0.0 0.3244607117512607 0.4229760737704321 0.4662206161675996 0.08140995316039104 0.0 0.2714478415182911 0.0 0.700435640186673 0.5310545926280404 0.0 0.8057995641322802 0.22125237608401582 0.23003655175828458 0.0 0.5218801263892111 1.0152858229373902 0.28246306892226936 0.010589791837183157 0.0 0.29016171656909695 0.20659096002831454 0.0 0.16103416158479375 0.15043989055798054 0.0 0.0 0.0 0.6605578652401232 0.6579124120588044 
0.08207447698361515 0.0 0.01199572553928499 0.55230947151346 0.2792266961118163 0.16161918088289673 0.37213532670373084 0.3181733535303668 0.28061665933954744 0.0 0.4408975245141258 0.5133393396356205 0.0 0.6835548574204641 0.04975331693863616 0.0 0.18527496118887923 0.5498910962077797 1.0942494733810655 0.2968355752081939 0.0 0.26126656638490975 0.2494233604085881 0.5321554721314489 0.0 0.4945898673799942 0.5063255032017737 0.0 0.0 0.0 0.6805386172349368 0.5435284406854958 
0.24034509294629236 0.0653142108521442 0.04469431006110329 0.3516184867278537 0.08743228927249924 0.07017899593414648 0.3933433849149124 0.35406330235981676 0.330002452588539 0.0 0.17414217913101743 0.3472288739219266 0.0 0.2642472760813189 0.153923062435652 0.0 0.1082878916781759 0.46994760039176164 0.49749196225020864 0.18028893860663336 0.0 0.3020208602336001 0.14343897561616445 0.4242021062038066 0.042315905605632746 0.4939384686791216 0.4464101398257546 0.13851494918215124 0.29097714884299325 0.07746126775812058 0.20538091208640685 0.18945056717010655 
0.20313245107058475 0.1 0.1 0.10217778324988448 0.1 0.10780570607418317 0.15915088509977798 0.19956862110960988 0.201654658667983 0.1 0.1314820644321105 0.1 0.1 0.22749093241487195 0.1 0.1 0.10017827506797909 0.140571049795995 0.14054009618570876 0.1 0.1 0.10941562083383792 0.1 0.10662641156259799 0.1 0.2546035435549945 0.1 0.13154644663393317 0.23541137947603913 0.1 0.1 0.18175051812837661 
0.1 0.1 0.1 0.1 0.1 0.1 0.1 0.1 0.1 0.1 0.1 0.1 0.1 0.1 0.1 0.1 0.1 0.1 0.1 0.1 0.1 0.1 0.1 0.1 0.1 0.1 0.1 0.1 0.1 0.1 0.1 0.1 
0.1 0.1 0.1 0.1 0.1 0.1 0.1 0.1 0.1 0.1 0.1 0.1 0.1 0.1 0.1 0.1 0.1 0.1 0.1 0.1 0.1 0.1 0.1 0.1 0.1 0.1 0.1 0.1 0.1 0.1 0.1 0.1 
0.1 0.1 0.1 0.1 0.1 0.1 0.1 0.1 0.1 0.1 0.1 0.1 0.1 0.1 0.1 0.1 0.1 0.1 0.1 0.1 0.1 0.1 0.1 0.1 0.1 0.1 0.1 0.1 0.1 0.1 0.1 0.1 
0.1 0.1 0.1 0.1 0.1 0.1 0.1 0.1 0.1 0.1 0.1 0.1 0.1 0.1 0.1 0.1 0.1 0.1 0.1 0.1 0.1 0.1 0.1 0.1 0.1 0.1 0.1 0.1 0.1 0.1 0.1 0.1 
0.1 0.1 0.1 0.1 0.1 0.1 0.1 0.1 0.1 0.1 0.1 0.1 0.1 0.1 0.1 0.1 0.1 0.1 0.1 0.1 0.1 0.1 0.1 0.1 0.1 0.1 0.1 0.1 0.1 0.1 0.1 0.1 
0.1 0.1 0.1 0.1 0.1 0.1 0.1 0.1 0.1 0.1 0.1 0.1 0.1 0.1 0.1 0.1 0.1 0.1 0.1 0.1 0.1 0.1 0.1 0.1 0.1 0.1 0.1 0.1 0.1 0.1 0.1 0.1 
0.1 0.1 0.1 0.1 0.1 0.1 0.1 0.1 0.1 0.1 0.1 0.1 0.1 0.1 0.1 0.1 0.1 0.1 0.1 0.1 0.1 0.1 0.1 0.1 0.1 0.1 0.1 0.1 0.1 0.1 0.1 0.1 
0.1 0.2022413631742979 0.12192392682129899 0.11354135183312855 0.14668122009892892 0.13309271467910072 0.1456437792432196 0.14466583718119103 0.1 0.1 0.18663840694069084 0.1 0.13868835411300828 0.1 0.1 0.23077763790951003 0.2533098813854808 0.11626228320142067 0.1402258959787182 0.1 0.143090614945932 0.1 0.1 0.13672850641165285 0.1073321968620277 0.1 0.1 0.1021954038001744 0.1 0.12021520223844777 0.18865938376063732 0.1 
0.28115138833837416 0.24600098956407507 0.06047785765787957 0.10591051396670056 0.3512013685490786 0.3946104104410678 0.14946728001497508 0.11104050331601206 0.23451670512338885 0.0 0.37321148838073426 0.0 0.22581990582442593 0.24663747060099084 0.21850137218062632 0.504499951764518 0.2610782988920157 0.12142613734548002 0.10070638375397055 0.06280648417530005 0.04928114093960513 0.08423561534664367 0.2179365594592247 0.15239188605167509 0.007963062034597373 0.14784097938444066 0.0 0.04346811768413469 0.0 0.08962846928596747 0.2614686521061895 0.22866258292483624 
0.25331567931960547 0.04335244845143946 0.0 0.19842033032326828 0.4110015924997875 0.44730845140294595 0.07058390564846723 0.0 0.24705161056361521 0.0 0.5186076370662668 0.2967191378795579 0.04604941715423576 0.7625194865305767 0.25143151626508553 0.4854591521352277 0.0 0.30451197322036516 0.8228869815032056 0.25510352808371806 0.09665943506361535 0.0 0.2810040290184488 0.09084349886578771 0.0 0.2072756310250826 0.0 0.0 0.02253489268732456 0.0 0.4534330252103065 0.6551239538749823 
0.07609782797254366 0.0 0.0614583669976427 0.5772808862426554 0.2618380251287297 0.46710808265487336 0.3864803794352315 0.04140515901514827 0.2065582097926109 0.0 0.49891525453043895 0.5745066878517955 0.0 0.7666076827576307 0.17046684069547213 0.0 0.12576111544404245 0.6127027824381249 0.9852501929659638 0.33261481871881426 0.0474691778865987 0.3110395252992416 0.2865617715666779 0.4978519896537069 0.0 0.3568780581600205 0.5561464446380998 0.0 0.0 0.0 0.7154201728316631 0.6799151343828131 
0.23255626986241948 0.027413935053830968 0.0 0.6013841715465373 0.20044422075870202 0.10438430637269984 0.4084712261365345 0.35426171581627885 0.30098022797521995 0.0 0.3836692585983138 0.4276570946129006 0.0 0.31246362659758253 0.11984266731213622 0.0 0.16749967635240615 0.5151070745453863 0.7396977648738806 0.18766353782138248 0.0 0.3041932927856187 0.22994924185924806 0.5090945769631164 0.0 0.46773045157143744 0.4967223477806384 0.07077414266026952 0.17719022542060178 0.062336857654759936 0.5134372130278188 0.1982820799643911 
0.26869882208872 0.09216094614327863 0.07155734078176884 0.19606004345337275 0.11036889632721089 0.10143394594363331 0.3171582040911878 0.3097862772747554 0.2798643814784594 0.06275877806179783 0.18849510412271545 0.11244478545278118 0.07879672125940872 0.2990350526976767 0.12322906255455413 0.06478978954760557 0.10008709659794034 0.2148418789357206 0.3006919945396921 0.13057113395339962 0.06804394755297427 0.3027943926740475 0.07451598805077067 0.1437303350290498 0.10062944564907189 0.4304644586712244 0.10759604379879703 0.15409570181640353 0.3042554276937163 0.09992842489641783 0.0858489274164647 0.21145112306174696 
0.10349712828326317 0.1 0.1 0.1 0.1 0.1 0.10096416660549222 0.1032520547002814 0.10377595229959428 0.1 0.1 0.1 0.1 0.10528950446667656 0.1 0.1 0.10000253119218748 0.10114476963567824 0.10090936722581197 0.1 0.1 0.1 0.1 0.1 0.1001586235230163 0.104739247336408 0.1 0.1011328690859616 0.10514135947760735 0.10007190595597634 0.1 0.10337795423706729 
0.1 0.1 0.1 0.1 0.1 0.1 0.1 0.1 0.1 0.1 0.1 0.1 0.1 0.1 0.1 0.1 0.1 0.1 0.1 0.1 0.1 0.1 0.1 0.1 0.1 0.1 0.1 0.1 0.1 0.1 0.1 0.1 
0.1 0.1 0.1 0.1 0.1 0.1 0.1 0.1 0.1 0.1 0.1 0.1 0.1 0.1 0.1 0.1 0.1 0.1 0.1 0.1 0.1 0.1 0.1 0.1 0.1 0.1 0.1 0.1 0.1 0.1 0.1 0.1 
0.1 0.1 0.1 0.1 0.1 0.1 0.1 0.1 0.1 0.1 0.1 0.1 0.1 0.1 0.1 0.1 0.1 0.1 0.1 0.1 0.1 0.1 0.1 0.1 0.1 0.1 0.1 0.1 0.1 0.1 0.1 0.1 
0.1 0.1 0.1 0.1 0.1 0.1 0.1 0.1 0.1 0.1 0.1 0.1 0.1 0.1 0.1 0.1 0.1 0.1 0.1 0.1 0.1 0.1 0.1 0.1 0.1 0.1 0.1 0.1 0.1 0.1 0.1 0.1 
0.1 0.1 0.1 0.1 0.1 0.1 0.1 0.1 0.1 0.1 0.1 0.1 0.1 0.1 0.1 0.1 0.1 0.1 0.1 0.1 0.1 0.1 0.1 0.1 0.1 0.1 0.1 0.1 0.1 0.1 0.1 0.1 
0.1 0.1 0.1 0.1 0.1 0.1 0.1 0.1 0.1 0.1 0.1 0.1 0.1 0.1 0.1 0.1 0.1 0.1 0.1 0.1 0.1 0.1 0.1 0.1 0.1 0.1 0.1 0.1 0.1 0.1 0.1 0.1 
0.1 0.1142196443622766 0.11207437015819346 0.1068756543242855 0.1 0.1 0.1129620682101872 0.1199311492066115 0.1 0.1 0.1 0.1 0.11192451909059295 0.1 0.1 0.136630439400399 0.1171456719846386 0.10940941894327995 0.1221570354154162 0.1 0.1242314237722102 0.1 0.1 0.12031287405249909 0.10549687055725367 0.1 0.1 0.10190853556276605 0.1 0.10653796387313394 0.12050088033802069 0.1 
0.23685425244858763 0.2666370584153598 0.13006028497780417 0.11736068062943346 0.3580055152802518 0.2401690254707507 0.1524415386368877 0.15144809565703665 0.10516523445483848 0.0013236147632191275 0.3655607188714881 0.01845746991998852 0.21192940456815249 0.09389167570182956 0.061568050235758495 0.47591127597034755 0.2900582055412538 0.12123154960757035 0.1551472651065725 0.035976705816870014 0.15790676392187752 0.09552322239862723 0.15639417717304582 0.1862012661740728 0.10662179113309765 0.15509224741873578 0.0 0.1013648074067241 0.0 0.11798475625646965 0.25612517081878816 0.0840145374546584 
0.3051324293291605 0.16915333085851475 0.0 0.0 0.4188568556212372 0.44428311497558415 0.10277609854689532 0.012820604045250802 0.26795838033400815 0.0 0.5307979643757171 0.08298923133202156 0.14015052385202723 0.5805536960547883 0.30210432606367266 0.5209157707060861 0.0 0.205548268823043 0.5622902397786157 0.26698061346852664 0.10141429450365633 0.0 0.2363738329720573 0.09965576832211229 0.0 0.19847261646618514 0.0 0.0 0.06277448683050518 0.0 0.322408794061394 0.5045809838481645 
0.21084745168930558 0.0 0.04920583262623296 0.48317695749888423 0.40066055221544816 0.44748675158775164 0.24065715448913258 0.0 0.19964128759142014 0.0 0.5438267458128846 0.5749142909348648 0.0 0.7777599721476595 0.19462676387532113 0.2461059448145219 0.03198451900584902 0.6135390630947177 0.9839234550447521 0.30349543546622215 0.09434306249152649 0.1314556305339632 0.2825685925633701 0.38010472804374984 0.0 0.2335397804122292 0.4235900308739946 0.0 0.0 0.0 0.7056487457308361 0.7041164518839818 
0.13457202559472767 0.0 0.017464297183941435 0.5408970559510815 0.24377623054278774 0.13554078141663686 0.4180844142168816 0.34693516543586356 0.31527168285622303 0.0 0.4660242371644796 0.5429871461867051 0.0 0.36602628630859957 0.09909386709364747 0.0 0.17474599144705438 0.5587706344679123 0.9673357246751322 0.19909760806492183 0.0 0.3143044896655758 0.2687416463326693 0.5369939276273464 0.0 0.48281566435212453 0.5236504329402395 0.0 0.04077993051193643 0.0 0.6170209207070784 0.3138526416644884 
0.25149214420900456 0.10178537004786795 0.04168759938309921 0.24691798655041625 0.0850128277261413 0.10248657276219884 0.34687494792642193 0.3821127952735025 0.292421298778585 0.0077071274894814495 0.1822268877483576 0.2304020283202317 0.05160388220070449 0.27889109646093757 0.12969840337742974 0.021127909897544164 0.10083615500177508 0.36727017747326096 0.4239948248501729 0.1775169797996633 0.036655176717186405 0.30907437581892955 0.0713682417924133 0.2545413531133305 0.09445557736447201 0.415948858083799 0.2477581910705739 0.15135990295350898 0.2940411578042642 0.1043091866317652 0.09269794686645615 0.18568359519587135 
0.16837846900086217 0.1 0.1 0.1 0.1 0.1 0.11951076030179603 0.16464849264713244 0.17422018009396584 0.1 0.1 0.1 0.1 0.20351330884673335 0.1 0.1 0.1000010847966913 0.12164872051307217 0.11978316984524157 0.1 0.1 0.1 0.1 0.1 0.10291745139835219 0.19151534754382604 0.1 0.12232403734922344 0.20036861030264008 0.10221204356425546 0.1 0.16541251655899164 
0.1 0.1 0.1 0.1 0.1 0.1 0.1 0.1 0.1 0.1 0.1 0.1 0.1 0.1 0.1 0.1 0.1 0.1 0.1 0.1 0.1 0.1 0.1 0.1 0.1 0.1 0.1 0.1 0.1 0.1 0.1 0.1 
0.1 0.1 0.1 0.1 0.1 0.1 0.1 0.1 0.1 0.1 0.1 0.1 0.1 0.1 0.1 0.1 0.1 0.1 0.1 0.1 0.1 0.1 0.1 0.1 0.1 0.1 0.1 0.1 0.1 0.1 0.1 0.1 
0.1 0.1 0.1 0.1 0.1 0.1 0.1 0.1 0.1 0.1 0.1 0.1 0.1 0.1 0.1 0.1 0.1 0.1 0.1 0.1 0.1 0.1 0.1 0.1 0.1 0.1 0.1 0.1 0.1 0.1 0.1 0.1 
0.1 0.1 0.1 0.1 0.1 0.1 0.1 0.1 0.1 0.1 0.1 0.1 0.1 0.1 0.1 0.1 0.1 0.1 0.1 0.1 0.1 0.1 0.1 0.1 0.1 0.1 0.1 0.1 0.1 0.1 0.1 0.1 
0.1 0.1 0.1 0.1 0.1 0.1 0.1 0.1 0.1 0.1 0.1 0.1 0.1 0.1 0.1 0.1 0.1 0.1 0.1 0.1 0.1 0.1 0.1 0.1 0.1 0.1 0.1 0.1 0.1 0.1 0.1 0.1 
0.1 0.1 0.1 0.1 0.1 0.1 0.1 0.1 0.1 0.1 0.1 0.1 0.1 0.1 0.1 0.1 0.1 0.1 0.1 0.1 0.1 0.1 0.1 0.1 0.1 0.1 0.1 0.1 0.1 0.1 0.1 0.1 
0.1 0.1 0.1 0.1 0.1 0.1 0.1 0.1 0.1 0.1 0.1 0.1 0.1 0.1 0.1 0.1 0.1 0.1 0.1 0.1 0.1 0.1 0.1 0.1 0.1 0.1 0.1 0.1 0.1 0.1 0.1 0.1 
0.097743184099328 0.2272572593390291 0.11169161624897075 0.11746724123941255 0.21280373602853092 0.15067647167436699 0.14151955467319524 0.14510281712879677 0.09976903118394033 0.08662211931733675 0.2621626050646554 0.08956127253773276 0.1698490713264179 0.09942661298474394 0.08577846923719 0.2933050334998719 0.2562730458610741 0.10966078336911556 0.13009864689046552 0.09220338357304701 0.1200716400229139 0.08587755650150526 0.09277721696089451 0.13182799550296428 0.10196316812767743 0.0989567406852041 0.08518971231851301 0.10068161986867545 0.08684982228014501 0.11172488287971781 0.22208194772269632 0.09332897230742891 
0.2672440291065392 0.24854196799975814 0.029966313245385345 0.06895161218301256 0.3833388609872209 0.4454875609056351 0.14091411722720365 0.08605422066405956 0.27783205680222267 0.0 0.4015175948133236 0.0 0.2102317182853088 0.35986446765206415 0.2735658232754401 0.5228207838015128 0.18618761876795015 0.17961302570478305 0.273176995688012 0.14392055353711594 0.062385005428316 0.0787709880788125 0.2508791426550844 0.15989352668233764 0.0 0.17069639199605943 0.0 0.0 0.043663295012242226 0.06686102228316668 0.2548452746323753 0.3628815724767711 
0.2916261885876428 0.0 0.0 0.2682246108415564 0.4043698909676764 0.44954121081325815 0.04030753093022417 0.0 0.2836691898461401 0.0 0.5408166118929604 0.5006293936764775 0.0 0.7526550033812843 0.29967688360381006 0.361042644874062 0.0 0.47712311259123596 0.9041166643466999 0.2609723265353221 0.09555317210540804 0.0 0.31828682717361967 0.2043726328079398 0.0 0.17936520948153714 0.09308864463480639 0.0 0.058513259793702914 0.0 0.617004117486559 0.6566184024060044 
0.04443942569158493 0.0 0.08047481343458199 0.6042083368431596 0.2803090338224328 0.24308289955897536 0.39270135874307077 0.3168171027029594 0.2297344692683833 0.0 0.5163716574836275 0.5377449645180229 0.0 0.5601766318901872 0.07920112539026446 0.0 0.1607217652967404 0.5755737213443474 1.0245992968527446 0.31650258028914474 0.0 0.29202608480699155 0.272879406867617 0.536593462265565 0.0 0.48016440239509617 0.5660144502872837 0.0 0.0 0.0 0.6709461869861327 0.4731357011047087 
0.2659093287294247 0.0632656966822504 0.026671706412543794 0.3810200133530435 0.09778319402448604 0.06087167877740751 0.3745688731743667 0.369477229527856 0.31341502076606137 0.0 0.21566017668338808 0.33222212373265747 0.028628659924874275 0.29244638250106403 0.12568008451346643 0.0 0.09891276953493207 0.48872866231171563 0.5242179900162801 0.1833191764432277 0.0 0.322082222994584 0.12856502289711264 0.41868012159735357 0.06040391632668839 0.44043879103258377 0.4142770007479697 0.14029977447856162 0.28231365019958016 0.0851177385591885 0.2946777588986197 0.18491330043800602 
0.2244096543799467 0.1 0.1 0.1189715558770909 0.1 0.10290338562823134 0.19006707924513533 0.2406334632250236 0.23643576017828075 0.1 0.13388957816438732 0.1 0.1 0.2548282285800673 0.1 0.1 0.10073232054392577 0.1543098306463061 0.18354498470465186 0.1 0.1 0.12996306696022117 0.1 0.1036301294952087 0.10081577812497344 0.3001553845206548 0.1 0.13798322434244886 0.2717415107159751 0.10036980206230053 0.1 0.1926757533742291 
0.1 0.1 0.1 0.1 0.1 0.1 0.1 0.1 0.1 0.1 0.1 0.1 0.1 0.1 0.1 0.1 0.1 0.1 0.1 0.1 0.1 0.1 0.1 0.1 0.1 0.1 0.1 0.1 0.1 0.1 0.1 0.1 
0.1 0.1 0.1 0.1 0.1 0.1 0.1 0.1 0.1 0.1 0.1 0.1 0.1 0.1 0.1 0.1 0.1 0.1 0.1 0.1 0.1 0.1 0.1 0.1 0.1 0.1 0.1 0.1 0.1 0.1 0.1 0.1 
0.1 0.1 0.1 0.1 0.1 0.1 0.1 0.1 0.1 0.1 0.1 0.1 0.1 0.1 0.1 0.1 0.1 0.1 0.1 0.1 0.1 0.1 0.1 0.1 0.1 0.1 0.1 0.1 0.1 0.1 0.1 0.1 
0.1 0.1 0.1 0.1 0.1 0.1 0.1 0.1 0.1 0.1 0.1 0.1 0.1 0.1 0.1 0.1 0.1 0.1 0.1 0.1 0.1 0.1 0.1 0.1 0.1 0.1 0.1 0.1 0.1 0.1 0.1 0.1 
0.1 0.1 0.1 0.1 0.1 0.1 0.1 0.1 0.1 0.1 0.1 0.1 0.1 0.1 0.1 0.1 0.1 0.1 0.1 0.1 0.1 0.1 0.1 0.1 0.1 0.1 0.1 0.1 0.1 0.1 0.1 0.1 
0.1 0.1 0.1 0.1 0.1 0.1 0.1 0.1 0.1 0.1 0.1 0.1 0.1 0.1 0.1 0.1 0.1 0.1 0.1 0.1 0.1 0.1 0.1 0.1 0.1 0.1 0.1 0.1 0.1 0.1 0.1 0.1 
0.1 0.1 0.1 0.1 0.1 0.1 0.1 0.1 0.1 0.1 0.1 0.1 0.1 0.1 0.1 0.1 0.1 0.1 0.1 0.1 0.1 0.1 0.1 0.1 0.1 0.1 0.1 0.1 0.1 0.1 0.1 0.1 
0.1 0.1 0.1 0.1 0.1 0.1 0.1 0.1 0.1 0.1 0.1 0.1 0.1 0.1 0.1 0.1 0.1 0.1 0.1 0.1 0.1 0.1 0.1 0.1 0.1 0.1 0.1 0.1 0.1 0.1 0.1 0.1 
0.11815425782646505 0.40835829038635774 0.10532126342943651 0.09370230809815473 0.3094213479397189 0.33671304440623634 0.1784141895070337 0.09921780197060712 0.05850589357814573 0.07175912192711335 0.361050674777851 0.04664370651207596 0.1977162614155915 0.17243930955143472 0.10571196345970604 0.39122553378390923 0.1785513786984795 0.17301688547899846 0.16104181464256628 0.052098616304319015 0.1587425368372352 0.06016007813633273 0.08031029105434283 0.1399461672882711 0.05525445210393288 0.1408492285148599 0.06991410449076121 0.06693945142136079 0.016525703567671274 0.11398104263057994 0.22530878036088453 0.13243827677342274 
0.36125023192329264 0.18207977438104087 0.0 0.13195190752030428 0.37983339029600804 0.551853908678555 0.09057167573132055 0.0 0.4166844780201695 0.0 0.49405898911594126 0.0 0.08884688491535325 0.5487347115065567 0.32307088028428027 0.5176897346345412 0.005466645652362587 0.25733731907198293 0.5120952946862053 0.13589287177871207 0.06712674570128875 0.0 0.2335261247683709 0.03877606195099685 0.0 0.10648944065713586 0.0 0.0 0.16135933080325848 0.0 0.47219121567684796 0.4998753291847974 
0.22719551259958418 0.0 0.09844614186524114 0.5905410186498015 0.26102241956366856 0.4807766388639002 0.3146482637280224 0.14663235396594204 0.3243523631937648 0.0 0.45456229794703495 0.49959084436070833 0.0 0.7125755840932534 0.15898463051306738 0.029208105038486087 0.0 0.5195771450854549 0.9983977641752111 0.3604692628579922 0.0 0.07555725598138373 0.3507798570498625 0.41803464893582376 0.0 0.36232587606376276 0.4515807066341011 0.0 0.0 0.0 0.7095543041532831 0.5963948404714446 
0.13062566198623055 0.0148927523167562 0.02022040711347803 0.5686283710468871 0.2252687437518797 0.06856323354592293 0.49112132113877527 0.4189652770641922 0.26372122467951986 0.0 0.392707110570115 0.47329668882810816 0.006123997778670079 0.3514943061173019 0.19136670084231366 0.0 0.1779487689183732 0.5740582677902164 0.8493893835447217 0.2644848821744541 0.0 0.26912257025049036 0.2655178738435298 0.4637393958498879 0.0 0.5483503158772047 0.5469340956315156 0.04891613070893033 0.0601896613696306 0.0 0.49902728659271867 0.18002278652638823 
0.257944935467158 0.1 0.1 0.21939562466997306 0.1 0.11295571661951251 0.29135144666648694 0.33748451762812093 0.27661521610842343 0.1 0.2193681044132386 0.10224908153701695 0.1 0.290240908903216 0.1 0.1 0.1026163326257939 0.213387561254701 0.32028109862260296 0.1268539683168779 0.1 0.28249824653580635 0.1 0.1247523945963929 0.1010641029337556 0.38565152409345194 0.1 0.14907614975566 0.29929251671789503 0.10997066513912898 0.1 0.22119163670876202 
0.11598687171527601 0.1 0.1 0.1 0.1 0.1 0.104407618647542 0.11486653536654 0.117261495755108 0.1 0.1 0.1 0.1 0.124180591187016 0.1 0.1 0.10001157116396944 0.105233232477264 0.10415710720441941 0.1 0.1 0.1 0.1 0.1 0.1007251360854056 0.1216651300888 0.1 0.10517882996576 0.123503356969774 0.10032871293262523 0.1 0.115442076090408 
0.1 0.1 0.1 0.1 0.1 0.1 0.1 0.1 0.1 0.1 0.1 0.1 0.1 0.1 0.1 0.1 0.1 0.1 0.1 0.1 0.1 0.1 0.1 0.1 0.1 0.1 0.1 0.1 0.1 0.1 0.1 0.1 
0.1 0.1 0.1 0.1 0.1 0.1 0.1 0.1 0.1 0.1 0.1 0.1 0.1 0.1 0.1 0.1 0.1 0.1 0.1 0.1 0.1 0.1 0.1 0.1 0.1 0.1 0.1 0.1 0.1 0.1 0.1 0.1 
0.1 0.1 0.1 0.1 0.1 0.1 0.1 0.1 0.1 0.1 0.1 0.1 0.1 0.1 0.1 0.1 0.1 0.1 0.1 0.1 0.1 0.1 0.1 0.1 0.1 0.1 0.1 0.1 0.1 0.1 0.1 0.1 
0.1 0.1 0.1 0.1 0.1 0.1 0.1 0.1 0.1 0.1 0.1 0.1 0.1 0.1 0.1 0.1 0.1 0.1 0.1 0.1 0.1 0.1 0.1 0.1 0.1 0.1 0.1 0.1 0.1 0.1 0.1 0.1 
0.1 0.1 0.1 0.1 0.1 0.1 0.1 0.1 0.1 0.1 0.1 0.1 0.1 0.1 0.1 0.1 0.1 0.1 0.1 0.1 0.1 0.1 0.1 0.1 0.1 0.1 0.1 0.1 0.1 0.1 0.1 0.1 
0.1 0.1 0.1 0.1 0.1 0.1 0.1 0.1 0.1 0.1 0.1 0.1 0.1 0.1 0.1 0.1 0.1 0.1 0.1 0.1 0.1 0.1 0.1 0.1 0.1 0.1 0.1 0.1 0.1 0.1 0.1 0.1 
0.1 0.1 0.1 0.1 0.1 0.1 0.1 0.1 0.1 0.1 0.1 0.1 0.1 0.1 0.1 0.1 0.1 0.1 0.1 0.1 0.1 0.1 0.1 0.1 0.1 0.1 0.1 0.1 0.1 0.1 0.1 0.1 
0.1 0.1 0.1 0.1 0.1 0.1 0.1 0.1 0.1 0.1 0.1 0.1 0.1 0.1 0.1 0.1 0.1 0.1 0.1 0.1 0.1 0.1 0.1 0.1 0.1 0.1 0.1 0.1 0.1 0.1 0.1 0.1 
0.10795266848479293 0.4247093770264304 0.08511454268214816 0.019149058074727596 0.26986637480454795 0.4024927524031291 0.22302105524722232 0.014133725365532174 0.11403773339664687 0.057468041816027535 0.4822491310277077 0.15866413627079334 0.08032801652127912 0.30876250834806185 0.2914537952333805 0.366182194300543 0.12346944462366646 0.25508316676711373 0.25908890579364713 0.10048301732332379 0.2010475067467416 0.09717739027688115 0.1355588421976685 0.1115932349359096 0.0 0.17409479788368654 0.06335130110035939 0.007639432537245791 0.2795094971244634 0.09954188190873609 0.10140132759779166 0.37843459300265714 
0.3299008976735035 0.2722983376459553 0.0 0.16180217688291515 0.4192919497934413 0.5939767832530919 0.04835672990951912 0.0 0.36102838733575504 0.0 0.593460322882289 0.29325441795148055 0.001460966207834341 0.5271296860915584 0.3685291275535473 0.42017399511125186 0.0 0.34594036442444454 0.6351059153150989 0.19458580496585773 0.0 0.021252858316014284 0.3019514698795396 0.09787766463878599 0.0 0.05636186533928571 0.0 0.0 0.33009122012461767 0.06553431358111711 0.6498826043360674 0.5605624763916444 
0.16939473421490078 0.0 0.007936859191350495 0.5722878798743307 0.24283722248863734 0.27915127127683637 0.3301441734501723 0.3139574051935116 0.3447772022858357 0.0 0.3884218089824004 0.4933167726260478 0.061795203289251824 0.4676563327312808 0.11491986086197041 0.0 0.19914734182342791 0.46907411161685175 0.9722442698428756 0.2711326311283724 0.0 0.23928389820688065 0.2994355722855173 0.5089176649574985 0.0 0.4854659267511362 0.4634593052886985 0.0 0.0 0.0 0.7478317293363047 0.39491731861147306 
0.18544069910953348 0.013699595317015145 0.09581703450814225 0.4236343346455609 0.12261585657628254 0.16610462118321567 0.44161968212723934 0.407935598714669 0.3676580761923951 0.0 0.1778395763985396 0.38744455178920834 0.0 0.22202084671997568 0.19068302027654344 0.0 0.09548599519148701 0.4727092164234603 0.5547727977817379 0.16574818307528122 0.0 0.2469960628624819 0.155139007791657 0.4066039099179981 0.0 0.5890826635164028 0.4677587646247642 0.1302735902991904 0.22449358341289105 0.01725248076710867 0.11306210836209565 0.18888432792934037 
0.15795241315276 0.1 0.1 0.1 0.1 0.1 0.11597761847542001 0.1538911936654 0.16257292555108 0.1 0.1 0.1 0.1 0.18765464787016 0.1 0.1 0.10004194547169443 0.11897046877264 0.115069514444194 0.1 0.1 0.1 0.1 0.1 0.102628618454056 0.17853610088799998 0.1 0.11877325965760001 0.18519967369773999 0.1011915844462522 0.1 0.15597752890408 
0.1 0.1 0.1 0.1 0.1 0.1 0.1 0.1 0.1 0.1 0.1 0.1 0.1 0.1 0.1 0.1 0.1 0.1 0.1 0.1 0.1 0.1 0.1 0.1 0.1 0.1 0.1 0.1 0.1 0.1 0.1 0.1 
0.1 0.1 0.1 0.1 0.1 0.1 0.1 0.1 0.1 0.1 0.1 0.1 0.1 0.1 0.1 0.1 0.1 0.1 0.1 0.1 0.1 0.1 0.1 0.1 0.1 0.1 0.1 0.1 0.1 0.1 0.1 0.1 
0.1 0.1 0.1 0.1 0.1 0.1 0.1 0.1 0.1 0.1 0.1 0.1 0.1 0.1 0.1 0.1 0.1 0.1 0.1 0.1 0.1 0.1 0.1 0.1 0.1 0.1 0.1 0.1 0.1 0.1 0.1 0.1 
0.1 0.1 0.1 0.1 0.1 0.1 0.1 0.1 0.1 0.1 0.1 0.1 0.1 0.1 0.1 0.1 0.1 0.1 0.1 0.1 0.1 0.1 0.1 0.1 0.1 0.1 0.1 0.1 0.1 0.1 0.1 0.1 
0.1 0.1 0.1 0.1 0.1 0.1 0.1 0.1 0.1 0.1 0.1 0.1 0.1 0.1 0.1 0.1 0.1 0.1 0.1 0.1 0.1 0.1 0.1 0.1 0.1 0.1 0.1 0.1 0.1 0.1 0.1 0.1 
0.1 0.1 0.1 0.1 0.1 0.1 0.1 0.1 0.1 0.1 0.1 0.1 0.1 0.1 0.1 0.1 0.1 0.1 0.1 0.1 0.1 0.1 0.1 0.1 0.1 0.1 0.1 0.1 0.1 0.1 0.1 0.1 
0.1 0.1 0.1 0.1 0.1 0.1 0.1 0.1 0.1 0.1 0.1 0.1 0.1 0.1 0.1 0.1 0.1 0.1 0.1 0.1 0.1 0.1 0.1 0.1 0.1 0.1 0.1 0.1 0.1 0.1 0.1 0.1 
0.1 0.1 0.1 0.1 0.1 0.1 0.1 0.1 0.1 0.1 0.1 0.1 0.1 0.1 0.1 0.1 0.1 0.1 0.1 0.1 0.1 0.1 0.1 0.1 0.1 0.1 0.1 0.1 0.1 0.1 0.1 0.1 
0.1 0.1 0.1 0.1 0.1 0.1 0.1 0.1 0.1 0.1 0.1 0.1 0.1 0.1 0.1 0.1 0.1 0.1 0.1 0.1 0.1 0.1 0.1 0.1 0.1 0.1 0.1 0.1 0.1 0.1 0.1 0.1 
0.14976282768950122 0.3050918629021081 0.06727989834559799 0.02221508177763501 0.13260189428052857 0.3021492250872231 0.24220060507992713 0.0085955681719114 0.23354171480557323 0.04155444949775569 0.31126408091545793 0.2370483100895869 0.03493494869869902 0.3826227650679166 0.30062098630151307 0.18335972898972722 0.11107230422144608 0.3103810345094977 0.35648226336243705 0.19715130716832618 0.28455453801400465 0.09553296824399271 0.11051691954367172 0.08381296067625923 0.04546556490931133 0.25554296565024853 0.04366168237323368 0.04659560693191218 0.42765973611233343 0.0739028368113901 0.03916839811670133 0.2728670329642182 
0.19394506110089205 0.1771722316598679 0.019117745862722746 0.352029781714591 0.2545615213583038 0.5020087525170459 0.15738490666306243 0.0 0.3440150732090873 0.08848544351991727 0.5888191430509586 0.31690594243703074 0.009827545883285924 0.5535440748748105 0.3841815806131541 0.10221636537760956 0.11370620439424572 0.42256299217571536 0.46329217032720127 0.31961009927284356 0.12057288177216631 0.22959529933443212 0.15820419607753605 0.09059862755635291 0.036062569741692654 0.1759556727211613 0.09114917812355472 0.0 0.4110502365310372 0.3272716046039432 0.657879461459123 0.47803600908461896 
0.34764097962545404 0.04460725637173291 0.0 0.5862200299715584 0.16444554918992568 0.03774349668382174 0.3136066061682649 0.3874244337443008 0.30037405444863474 0.21847628114722875 0.3841602410292375 0.37386899330926016 0.14418351481649277 0.307100533083101 0.06142107880157939 0.0 0.16780162411914723 0.35984128119344905 0.49027425509062594 0.22158417869109237 0.0 0.41265434676909474 0.11589668629419575 0.3394876696078919 0.0 0.41974785833652617 0.2827718107786463 0.07891536720160278 0.1421384310148982 0.2709166154180822 0.6909005153773885 0.16287009322480192 
0.2831482733036974 0.06989107097531921 0.1208800331792051 0.23744661728799962 0.12261330077395295 0.13060183212010096 0.3440772927477321 0.3221080101431726 0.28589411852751956 0.0 0.19894023246763068 0.18463878739088369 0.04625458564390367 0.2880221435618445 0.1410581112115828 0.029408281436428554 0.10159471924684589 0.2764070552515828 0.2764536282443327 0.15452930788058072 0.0756498813220574 0.3361333901000661 0.08860342177071431 0.265161011489008 0.0872678567898878 0.5173489412998579 0.208505510244054 0.136730226285563 0.2623270327135929 0.0859004567312399 0.02153068494450637 0.19434909242413334 
0.1 0.1 0.1 0.1 0.1 0.1 0.1 0.1 0.1 0.1 0.1 0.1 0.1 0.1 0.1 0.1 0.1 0.1 0.1 0.1 0.1 0.1 0.1 0.1 0.1 0.1 0.1 0.1 0.1 0.1 0.1 0.1 
0.1 0.1 0.1 0.1 0.1 0.1 0.1 0.1 0.1 0.1 0.1 0.1 0.1 0.1 0.1 0.1 0.1 0.1 0.1 0.1 0.1 0.1 0.1 0.1 0.1 0.1 0.1 0.1 0.1 0.1 0.1 0.1 
0.1 0.1 0.1 0.1 0.1 0.1 0.1 0.1 0.1 0.1 0.1 0.1 0.1 0.1 0.1 0.1 0.1 0.1 0.1 0.1 0.1 0.1 0.1 0.1 0.1 0.1 0.1 0.1 0.1 0.1 0.1 0.1 
0.1 0.1 0.1 0.1 0.1 0.1 0.1 0.1 0.1 0.1 0.1 0.1 0.1 0.1 0.1 0.1 0.1 0.1 0.1 0.1 0.1 0.1 0.1 0.1 0.1 0.1 0.1 0.1 0.1 0.1 0.1 0.1 
0.1 0.1 0.1 0.1 0.1 0.1 0.1 0.1 0.1 0.1 0.1 0.1 0.1 0.1 0.1 0.1 0.1 0.1 0.1 0.1 0.1 0.1 0.1 0.1 0.1 0.1 0.1 0.1 0.1 0.1 0.1 0.1 
0.1 0.1 0.1 0.1 0.1 0.1 0.1 0.1 0.1 0.1 0.1 0.1 0.1 0.1 0.1 0.1 0.1 0.1 0.1 0.1 0.1 0.1 0.1 0.1 0.1 0.1 0.1 0.1 0.1 0.1 0.1 0.1 
