0.1 0.1 0.1 0.1 0.1 0.1 0.1 0.1 0.1 0.1 0.1 0.1 0.1 0.1 0.1 0.1 0.1 0.1 0.1 0.1 0.1 0.1 0.1 0.1 0.1 0.1 0.1 0.1 0.1 0.1 0.1 0.1 
0.1 0.1 0.1 0.1 0.1 0.1 0.1 0.1 0.1 0.1 0.1 0.1 0.1 0.1 0.1 0.1 0.1 0.1 0.1 0.1 0.1 0.1 0.1 0.1 0.1 0.1 0.1 0.1 0.1 0.1 0.1 0.1 
0.1 0.1 0.1 0.1 0.1 0.1 0.1 0.1 0.1 0.1 0.1 0.1 0.1 0.1 0.1 0.1 0.1 0.1 0.1 0.1 0.1 0.1 0.1 0.1 0.1 0.1 0.1 0.1 0.1 0.1 0.1 0.1 
0.1 0.1 0.1 0.1 0.1 0.1 0.1 0.1 0.1 0.1 0.1 0.1 0.1 0.1 0.1 0.1 0.1 0.1 0.1 0.1 0.1 0.1 0.1 0.1 0.1 0.1 0.1 0.1 0.1 0.1 0.1 0.1 
0.1 0.1 0.1 0.1 0.1 0.1 0.1 0.1 0.1 0.1 0.1 0.1 0.1 0.1 0.1 0.1 0.1 0.1 0.1 0.1 0.1 0.1 0.1 0.1 0.1 0.1 0.1 0.1 0.1 0.1 0.1 0.1 
0.1 0.1 0.1 0.1 0.1 0.1 0.1 0.1 0.1 0.1 0.1 0.1 0.1 0.1 0.1 0.1 0.1 0.1 0.1 0.1 0.1 0.1 0.1 0.1 0.1 0.1 0.1 0.1 0.1 0.1 0.1 0.1 
0.1 0.1 0.1 0.1 0.1 0.1 0.1 0.1 0.1 0.1 0.1 0.1 0.1 0.1 0.1 0.1 0.1 0.1 0.1 0.1 0.1 0.1 0.1 0.1 0.1 0.1 0.1 0.1 0.1 0.1 0.1 0.1 
0.1 0.1 0.1 0.1 0.1 0.1 0.1 0.1 0.1 0.1 0.1 0.1 0.1 0.1 0.1 0.1 0.1 0.1 0.1 0.1 0.1 0.1 0.1 0.1 0.1 0.1 0.1 0.1 0.1 0.1 0.1 0.1 
0.1 0.1 0.1 0.1 0.1 0.1 0.1 0.1 0.1 0.1 0.1 0.1 0.1 0.1 0.1 0.1 0.1 0.1 0.1 0.1 0.1 0.1 0.1 0.1 0.1 0.1 0.1 0.1 0.1 0.1 0.1 0.1 
0.1 0.1 0.1 0.1 0.1 0.1 0.1 0.1 0.1 0.1 0.1 0.1 0.1 0.1 0.1 0.1 0.1 0.1 0.1 0.1 0.1 0.1 0.1 0.1 0.1 0.1 0.1 0.1 0.1 0.1 0.1 0.1 
0.1 0.1 0.1 0.1 0.1 0.1 0.1 0.1 0.1 0.1 0.1 0.1 0.1 0.1 0.1 0.1 0.1 0.1 0.1 0.1 0.1 0.1 0.1 0.1 0.1 0.1 0.1 0.1 0.1 0.1 0.1 0.1 
0.1 0.1 0.1 0.1 0.1 0.1 0.1 0.1 0.1 0.1 0.1 0.1 0.1 0.1 0.1 0.1 0.1 0.1 0.1 0.1 0.1 0.1 0.1 0.1 0.1 0.1 0.1 0.1 0.1 0.1 0.1 0.1 
0.1 0.1 0.1 0.1 0.1 0.1 0.1 0.1 0.1 0.1 0.1 0.1 0.1 0.1 0.1 0.1 0.1 0.1 0.1 0.1 0.1 0.1 0.1 0.1 0.1 0.1 0.1 0.1 0.1 0.1 0.1 0.1 
0.1 0.1 0.1 0.1 0.1 0.1 0.1 0.1 0.1 0.1 0.1 0.1 0.1 0.1 0.1 0.1 0.1 0.1 0.1 0.1 0.1 0.1 0.1 0.1 0.1 0.1 0.1 0.1 0.1 0.1 0.1 0.1 
0.1 0.1 0.1 0.1 0.1 0.1 0.1 0.1 0.1 0.1 0.1 0.1 0.1 0.1 0.1 0.1 0.1 0.1 0.1 0.1 0.1 0.1 0.1 0.1 0.1 0.1 0.1 0.1 0.1 0.1 0.1 0.1 
0.1 0.1 0.1 0.1 0.1 0.1 0.1 0.1 0.1 0.1 0.1 0.1 0.1 0.1 0.1 0.1 0.1 0.1 0.1 0.1 0.1 0.1 0.1 0.1 0.1 0.1 0.1 0.1 0.1 0.1 0.1 0.1 
0.1 0.1 0.1 0.1 0.1 0.1 0.1 0.1 0.1 0.1 0.1 0.1 0.1 0.1 0.1 0.1 0.1 0.1 0.1 0.1 0.1 0.1 0.1 0.1 0.1 0.1 0.1 0.1 0.1 0.1 0.1 0.1 
0.1 0.1 0.1 0.1 0.1 0.1 0.1 0.1 0.1 0.1 0.1 0.1 0.1 0.1 0.1 0.1 0.1 0.1 0.1 0.1 0.1 0.1 0.1 0.1 0.1 0.1 0.1 0.1 0.1 0.1 0.1 0.1 
0.1 0.1 0.1 0.1 0.1 0.1 0.1 0.1 0.1 0.1 0.1 0.1 0.1 0.1 0.1 0.1 0.1 0.1 0.1 0.1 0.1 0.1 0.1 0.1 0.1 0.1 0.1 0.1 0.1 0.1 0.1 0.1 
0.1 0.1 0.1 0.1 0.1 0.1 0.1 0.1 0.1 0.1 0.1 0.1 0.1 0.1 0.1 0.1 0.1 0.1 0.1 0.1 0.1 0.1 0.1 0.1 0.1 0.1 0.1 0.1 0.1 0.1 0.1 0.1 
0.1 0.1 0.1 0.1 0.1 0.1 0.1 0.1 0.1 0.1 0.1 0.1 0.1 0.1 0.1 0.1 0.1 0.1 0.1 0.1 0.1 0.1 0.1 0.1 0.1 0.1 0.1 0.1 0.1 0.1 0.1 0.1 
0.1 0.1 0.1 0.1 0.1 0.1 0.1 0.1 0.1 0.1 0.1 0.1 0.1 0.1 0.1 0.1 0.1 0.1 0.1 0.1 0.1 0.1 0.1 0.1 0.1 0.1 0.1 0.1 0.1 0.1 0.1 0.1 
0.1 0.1 0.1 0.1 0.1 0.1 0.1 0.1 0.1 0.1 0.1 0.1 0.1 0.1 0.1 0.1 0.1 0.1 0.1 0.1 0.1 0.1 0.1 0.1 0.1 0.1 0.1 0.1 0.1 0.1 0.1 0.1 
0.1 0.1 0.1 0.1 0.1 0.1 0.1 0.1 0.1 0.1 0.1 0.1 0.1 0.1 0.1 0.1 0.1 0.1 0.1 0.1 0.1 0.1 0.1 0.1 0.1 0.1 0.1 0.1 0.1 0.1 0.1 0.1 
0.1 0.1 0.1 0.1 0.1 0.1 0.1 0.1 0.1 0.1 0.1 0.1 0.1 0.1 0.1 0.1 0.1 0.1 0.1 0.1 0.1 0.1 0.1 0.1 0.1 0.1 0.1 0.1 0.1 0.1 0.1 0.1 
0.1 0.1 0.1 0.1 0.1 0.1 0.1 0.1 0.1 0.1 0.1 0.1 0.1 0.1 0.1 0.1 0.1 0.1 0.1 0.1 0.1 0.1 0.1 0.1 0.1 0.1 0.1 0.1 0.1 0.1 0.1 0.1 
0.1 0.1 0.1 0.1 0.1 0.1 0.1 0.1 0.1 0.1 0.1 0.1 0.1 0.1 0.1 0.1 0.1 0.1 0.1 0.1 0.1 0.1 0.1 0.1 0.1 0.1 0.1 0.1 0.1 0.1 0.1 0.1 
0.1 0.1 0.1 0.1 0.1 0.1 0.1 0.1 0.1 0.1 0.1 0.1 0.1 0.1 0.1 0.1 0.1 0.1 0.1 0.1 0.1 0.1 0.1 0.1 0.1 0.1 0.1 0.1 0.1 0.1 0.1 0.1 
0.1 0.1 0.1 0.1 0.1 0.1 0.1 0.1 0.1 0.1 0.1 0.1 0.1 0.1 0.1 0.1 0.1 0.1 0.1 0.1 0.1 0.1 0.1 0.1 0.1 0.1 0.1 0.1 0.1 0.1 0.1 0.1 
0.1 0.1 0.1 0.1 0.1 0.1 0.1 0.1 0.1 0.1 0.1 0.1 0.1 0.1 0.1 0.1 0.1 0.1 0.1 0.1 0.1 0.1 0.1 0.1 0.1 0.1 0.1 0.1 0.1 0.1 0.1 0.1 
0.1 0.12992379 0.12816332 0.1238342 0.1 0.1 0.13930327 0.16073528 0.100543655 0.1 0.1 0.1 0.13862786 0.1 0.1 0.21538651 0.15279514 0.13006638 0.1586479 0.1 0.16227497 0.1 0.1 0.15854791 0.118597195 0.1 0.1 0.10966926 0.1 0.113587484 0.16819069 0.1 
0.19668585 0.1 0.1 0.1945411 0.16145161 0.1 0.16521657 0.25325328 0.19478905 0.1 0.12983027 0.1 0.15873054 0.15181045 0.1 0.2655358 0.15612537 0.14177947 0.1 0.1 0.1 0.1 0.10906958 0.13217045 0.14326748 0.17405395 0.1 0.2766329 0.1 0.1 0.22659364 0.1 
0.16331768 0.1 0.1150252 0.21966049 0.20218074 0.1 0.21864918 0.31904647 0.10847332 0.1 0.16610417 0.1 0.25163135 0.3120275 0.1 0.2812684 0.1 0.13854246 0.33784878 0.1883679 0.17057425 0.1 0.1 0.1 0.16456851 0.22377717 0.1 0.28706664 0.1 0.1 0.23200122 0.1 
0.1 0.1 0.19550574 0.1 0.1865924 0.1 0.2273378 0.2584968 0.1 0.1 0.18476781 0.1 0.25290355 0.33311382 0.1 0.13626917 0.1 0.1 0.42642444 0.18299474 0.2971376 0.1 0.1 0.1 0.1 0.20758879 0.1 0.24145097 0.1 0.1 0.17727584 0.19884029 
0.1 0.14352123 0.16168624 0.1 0.20231244 0.1 0.2348508 0.14138134 0.1 0.13082027 0.2169797 0.12006338 0.24027768 0.21717545 0.1 0.11632168 0.1 0.1 0.3604503 0.12147133 0.27733415 0.1 0.10572913 0.11024178 0.1 0.1229988 0.1 0.1 0.1 0.1 0.19020563 0.15522343 
0.1 0.104113966 0.10279436 0.1 0.11016813 0.1 0.1153515 0.10117464 0.1 0.10495401 0.10975057 0.10243606 0.110020295 0.106909975 0.1 0.10002686 0.1 0.1 0.11965243 0.1 0.11379761 0.1 0.10070399 0.10107603 0.1 0.100097165 0.1 0.1 0.1 0.1 0.10780009 0.10514277 
0.1 0.1 0.1 0.1 0.1 0.1 0.1 0.1 0.1 0.1 0.1 0.1 0.1 0.1 0.1 0.1 0.1 0.1 0.1 0.1 0.1 0.1 0.1 0.1 0.1 0.1 0.1 0.1 0.1 0.1 0.1 0.1 
0.1 0.1 0.1 0.1 0.1 0.1 0.1 0.1 0.1 0.1 0.1 0.1 0.1 0.1 0.1 0.1 0.1 0.1 0.1 0.1 0.1 0.1 0.1 0.1 0.1 0.1 0.1 0.1 0.1 0.1 0.1 0.1 
0.1 0.1 0.1 0.1 0.1 0.1 0.1 0.1 0.1 0.1 0.1 0.1 0.1 0.1 0.1 0.1 0.1 0.1 0.1 0.1 0.1 0.1 0.1 0.1 0.1 0.1 0.1 0.1 0.1 0.1 0.1 0.1 
0.1 0.1 0.1 0.1 0.1 0.1 0.1 0.1 0.1 0.1 0.1 0.1 0.1 0.1 0.1 0.1 0.1 0.1 0.1 0.1 0.1 0.1 0.1 0.1 0.1 0.1 0.1 0.1 0.1 0.1 0.1 0.1 
0.1 0.1 0.1 0.1 0.1 0.1 0.1 0.1 0.1 0.1 0.1 0.1 0.1 0.1 0.1 0.1 0.1 0.1 0.1 0.1 0.1 0.1 0.1 0.1 0.1 0.1 0.1 0.1 0.1 0.1 0.1 0.1 
0.1 0.1 0.1 0.1 0.1 0.1 0.1 0.1 0.1 0.1 0.1 0.1 0.1 0.1 0.1 0.1 0.1 0.1 0.1 0.1 0.1 0.1 0.1 0.1 0.1 0.1 0.1 0.1 0.1 0.1 0.1 0.1 
0.1 0.1 0.1 0.1 0.1 0.1 0.1 0.1 0.1 0.1 0.1 0.1 0.1 0.1 0.1 0.1 0.1 0.1 0.1 0.1 0.1 0.1 0.1 0.1 0.1 0.1 0.1 0.1 0.1 0.1 0.1 0.1 
0.1 0.1 0.1 0.1 0.1 0.1 0.1 0.1 0.1 0.1 0.1 0.1 0.1 0.1 0.1 0.1 0.1 0.1 0.1 0.1 0.1 0.1 0.1 0.1 0.1 0.1 0.1 0.1 0.1 0.1 0.1 0.1 
0.087951034 0.28034943 0.12122869 0.11434261 0.28911588 0.16700736 0.13724305 0.14729623 0.089988396 0.07752373 0.3231655 0.076779835 0.22136474 0.096687935 0.07252112 0.3945665 0.3139991 0.11798759 0.14264561 0.07875737 0.1340348 0.07488426 0.08865852 0.13096046 0.093474954 0.12275026 0.07560469 0.096566595 0.06712893 0.117262706 0.26328325 0.102450676 
0.27034643 0.073800206 0.0 0.156939 0.39013013 0.28961572 0.046036337 0.3499309 0.14724809 0.0 0.34618452 0.0 0.2778201 0.12124708 0.16297927 0.59568506 0.26817694 0.060885835 0.2791354 0.0 0.0 0.10679995 0.28838113 0.17381302 0.0 0.06301144 0.0 0.3203398 0.0 0.008316785 0.43873927 0.17126758 
0.2160976 0.030678242 0.08671887 0.35214445 0.43820485 0.34776774 0.09965525 0.5048278 0.00078342855 0.0 0.32755196 0.07822156 0.2786131 0.23777944 0.012614571 0.57037956 0.09506774 0.17608133 0.5558025 0.06620364 0.090451404 0.0 0.38207895 0.2820099 0.0 0.28051546 0.022512041 0.31735063 0.0 0.0 0.4603542 0.2817476 
0.19791484 0.0 0.115187526 0.3405116 0.37798095 0.2957396 0.15381801 0.47721207 0.019182473 0.0 0.17877853 0.112218566 0.08104563 0.29767874 0.01956585 0.22039786 0.062404033 0.20419917 0.5425878 0.12382656 0.14131181 0.0 0.40447918 0.4763508 0.0 0.3885038 0.040814504 0.33819273 0.0 0.0 0.38736418 0.2508775 
0.07075127 0.0 0.1418341 0.22232254 0.22104925 0.096914776 0.20259741 0.41387528 0.0064596087 0.0 0.1531236 0.052945916 0.15675469 0.3084694 0.06001101 0.10305126 0.0 0.24425742 0.5484357 0.16036521 0.18118572 0.0 0.3612745 0.42157015 0.0 0.43018603 0.079596706 0.27619597 0.0 0.0 0.17457461 0.2009011 
0.0786412 0.124237515 0.17136261 0.1883718 0.18090016 0.041865975 0.22188273 0.38571987 0.0 0.11609544 0.20219353 0.116888106 0.23498195 0.31086156 0.053022936 0.104956865 0.055738818 0.19112498 0.38635442 0.16126217 0.26955557 0.045660485 0.16001867 0.08841045 0.0 0.36398327 0.07897745 0.2744395 0.0 0.04775173 0.17914513 0.19795042 
0.09506574 0.14259069 0.17204213 0.09486708 0.1777885 0.091835245 0.2534987 0.2359488 0.08423759 0.11766699 0.1942113 0.108302355 0.23634532 0.29296583 0.09957881 0.1615211 0.09937845 0.13074543 0.40576875 0.16259071 0.29393417 0.098709784 0.10221254 0.10338181 0.086229146 0.1833236 0.09881636 0.15492961 0.0889053 0.09811513 0.21537665 0.19184905 
0.16267587 0.1 0.1 0.12813713 0.19322264 0.1 0.21979034 0.15586635 0.12986666 0.1 0.17178375 0.1 0.19189718 0.13546869 0.11923423 0.19983685 0.11921595 0.1133572 0.20591208 0.10376585 0.15885822 0.129265 0.14254051 0.1257983 0.1 0.14632022 0.1 0.19691813 0.1 0.1 0.22040147 0.1 
0.1 0.12746438 0.17034717 0.14104585 0.13779129 0.1 0.13351679 0.18887529 0.1 0.1 0.16739759 0.108606845 0.20358273 0.21172668 0.1 0.123649284 0.1 0.118475094 0.28821 0.16460612 0.22603527 0.1 0.1 0.1 0.11595033 0.15835923 0.1 0.18964994 0.1 0.1 0.1479822 0.15093112 
0.1 0.12553096 0.115436226 0.1 0.16657507 0.1 0.20278321 0.10613845 0.1 0.13380894 0.16184115 0.11561501 0.16228305 0.14244702 0.1 0.1 0.1 0.1 0.22422132 0.1 0.18713999 0.1 0.1040228 0.10614875 0.1 0.1 0.1 0.1 0.1 0.1 0.1499643 0.13426125 
0.1 0.1 0.1 0.1 0.1 0.1 0.1 0.1 0.1 0.1 0.1 0.1 0.1 0.1 0.1 0.1 0.1 0.1 0.1 0.1 0.1 0.1 0.1 0.1 0.1 0.1 0.1 0.1 0.1 0.1 0.1 0.1 
0.1 0.1 0.1 0.1 0.1 0.1 0.1 0.1 0.1 0.1 0.1 0.1 0.1 0.1 0.1 0.1 0.1 0.1 0.1 0.1 0.1 0.1 0.1 0.1 0.1 0.1 0.1 0.1 0.1 0.1 0.1 0.1 
0.1 0.1 0.1 0.1 0.1 0.1 0.1 0.1 0.1 0.1 0.1 0.1 0.1 0.1 0.1 0.1 0.1 0.1 0.1 0.1 0.1 0.1 0.1 0.1 0.1 0.1 0.1 0.1 0.1 0.1 0.1 0.1 
0.1 0.1 0.1 0.1 0.1 0.1 0.1 0.1 0.1 0.1 0.1 0.1 0.1 0.1 0.1 0.1 0.1 0.1 0.1 0.1 0.1 0.1 0.1 0.1 0.1 0.1 0.1 0.1 0.1 0.1 0.1 0.1 
0.20874473 0.40147442 0.09718202 0.07360574 0.3585372 0.43962145 0.14304082 0.07838841 0.109804526 0.10374155 0.37855995 0.17041 0.18540105 0.27223256 0.31370205 0.40008163 0.21141267 0.21586898 0.2132544 0.104953155 0.17522535 0.087824516 0.17091477 0.18939143 0.0023631603 0.15111293 0.09989731 0.03399381 0.28291625 0.11634332 0.1915678 0.29768372 
0.31175715 0.23065582 0.0 0.14379872 0.45041934 0.65059716 0.06908081 0.0 0.28697747 0.0 0.66865396 0.30562815 0.22109243 0.49905598 0.372849 0.34304824 0.019176848 0.34309092 0.58637667 0.17742479 0.0062364787 0.0 0.27987167 0.13501862 0.0 0.16837911 0.0 0.0 0.34336385 0.007700667 0.54058427 0.6035419 
0.2158727 0.0 0.0 0.38254446 0.5119643 0.6290236 0.17918998 0.0 0.49502063 0.0 0.5905337 0.5035298 0.2528047 0.4764723 0.30342653 0.0634343 0.016634807 0.59654075 0.7519724 0.21982169 0.0 0.11652113 0.31765434 0.42988917 0.0 0.5321796 0.19686446 0.0 0.0 0.0 0.6484701 0.48908693 
0.25560194 0.0 0.036384366 0.4504705 0.52073157 0.60995317 0.18343869 0.0 0.494511 0.0 0.52406454 0.37011647 0.19694263 0.4303943 0.273874 0.157714 0.0 0.54345554 0.63242 0.24302739 0.0 0.07285347 0.36037588 0.47421792 0.0 0.46724907 0.18374082 0.0 0.0 0.0 0.5068698 0.40282658 
0.09036931 0.0 0.11200439 0.46430954 0.4677194 0.575411 0.23622969 0.28238782 0.40471557 0.0 0.37192193 0.23667452 0.06076606 0.2770572 0.28483278 0.19832903 0.11526265 0.34709984 0.4960618 0.048050854 0.0 0.05877599 0.43421036 0.48160908 0.0 0.48661464 0.13697839 0.115478836 0.0 0.0 0.43710035 0.23312357 
0.05675247 0.0 0.12555254 0.47194782 0.4512246 0.5446662 0.12872334 0.4146142 0.20971557 0.0 0.15636995 0.072415456 0.0149942115 0.14601946 0.22859928 0.19751942 0.11672659 0.2345427 0.52616364 0.13025019 0.03455233 0.07476891 0.43545917 0.4631825 0.0 0.42743728 0.1324983 0.26819098 0.0 0.0 0.3751491 0.18082839 
0.06702036 0.0 0.13430108 0.33473405 0.30676198 0.22362936 0.21979415 0.39518917 0.07392636 0.0 0.21341366 0.030252375 0.10236515 0.27372438 0.017154306 0.17541975 0.05246263 0.24392349 0.553319 0.1485917 0.04883498 0.0 0.40365455 0.45971447 0.0 0.41687956 0.07746133 0.27280262 0.0 0.0 0.2042508 0.2203683 
0.20566884 0.0 0.0855624 0.16965446 0.367945 0.25596258 0.18613857 0.38160074 0.0 0.0 0.32074293 0.026295789 0.26378492 0.20078373 0.1299712 0.26807243 0.059054654 0.18261358 0.4343588 0.0779125 0.16939993 0.0 0.3277171 0.17183039 0.0 0.3182859 0.049856625 0.29655486 0.0 0.0 0.28694606 0.25259697 
0.17214867 0.075421505 0.2034274 0.17554975 0.17475113 0.093072936 0.1624257 0.27423978 0.0 0.0 0.15439898 0.2517103 0.15334481 0.3090896 0.02155102 0.093734466 0.042459708 0.24118713 0.5641677 0.18723652 0.2215825 0.0 0.23513672 0.27362362 0.0 0.34223387 0.3167602 0.2894368 0.0 0.0 0.18199714 0.31130826 
0.059690755 0.09380052 0.14754996 0.1532692 0.15317301 0.19497699 0.24264851 0.18000662 0.114850774 0.11860458 0.21341407 0.24175566 0.16697252 0.1978747 0.1549375 0.06215423 0.092794664 0.2687153 0.35169426 0.1138224 0.20534469 0.06794148 0.19186135 0.2934193 0.0 0.27197835 0.36429033 0.08911282 0.007211283 0.068240546 0.17040166 0.1540736 
0.1 0.1 0.1 0.1 0.1 0.1 0.1 0.1 0.1 0.1 0.1 0.1 0.1 0.1 0.1 0.1 0.1 0.1 0.1 0.1 0.1 0.1 0.1 0.1 0.1 0.1 0.1 0.1 0.1 0.1 0.1 0.1 
0.1 0.1 0.1 0.1 0.1 0.1 0.1 0.1 0.1 0.1 0.1 0.1 0.1 0.1 0.1 0.1 0.1 0.1 0.1 0.1 0.1 0.1 0.1 0.1 0.1 0.1 0.1 0.1 0.1 0.1 0.1 0.1 
0.1 0.1 0.1 0.1 0.1 0.1 0.1 0.1 0.1 0.1 0.1 0.1 0.1 0.1 0.1 0.1 0.1 0.1 0.1 0.1 0.1 0.1 0.1 0.1 0.1 0.1 0.1 0.1 0.1 0.1 0.1 0.1 
0.1 0.1 0.1 0.1 0.1 0.1 0.1 0.1 0.1 0.1 0.1 0.1 0.1 0.1 0.1 0.1 0.1 0.1 0.1 0.1 0.1 0.1 0.1 0.1 0.1 0.1 0.1 0.1 0.1 0.1 0.1 0.1 
0.18506971 0.26139408 0.067656934 0.0 0.13274509 0.3479284 0.22318235 0.0 0.2620604 0.019264884 0.3324186 0.21447536 0.03578393 0.39685747 0.3304076 0.12648079 0.1233055 0.33117685 0.30278087 0.25938833 0.262377 0.11413071 0.12459953 0.122361474 0.020393789 0.25879905 0.011973113 0.0049033165 0.40479168 0.08841054 0.035828292 0.33274776 
0.2239689 0.18936658 0.01315923 0.18282184 0.23584944 0.47396055 0.15722123 0.0 0.33489916 0.024509192 0.5987731 0.36552727 0.0 0.56762207 0.37697875 0.094906524 0.092928834 0.50132066 0.53753006 0.32596564 0.11223457 0.19186251 0.13745287 0.100369655 0.0038990602 0.12815762 0.024579316 0.0 0.42339182 0.29487818 0.59751105 0.44643572 
0.4101114 0.13079074 0.0 0.34743202 0.2555636 0.32641968 0.38948387 0.0 0.5068757 0.0 0.6988804 0.4375116 0.0 0.6670764 0.27072656 0.0 0.08937336 0.6469714 0.7987554 0.33425242 0.0 0.34442866 0.09332595 0.2046591 0.0 0.3685563 0.07793908 0.0 0.4493766 0.26335058 0.5820265 0.39491332 
0.42675018 0.13048975 0.0 0.3403278 0.26849598 0.3282816 0.38948387 0.0 0.5068757 0.0 0.7058698 0.42603856 0.0 0.6670764 0.25237718 0.0 0.08937336 0.6469714 0.7987554 0.33425242 0.0 0.34442866 0.0340138 0.21962726 0.0 0.38349184 0.038162112 0.0 0.4493766 0.24703786 0.50140554 0.39491332 
0.43034446 0.25659612 0.0 0.38298 0.40593156 0.4118371 0.33049655 0.0 0.4902743 0.0 0.7833841 0.3067324 0.08585581 0.7246749 0.28269497 0.0 0.020711735 0.55378026 0.6605001 0.34365645 0.0 0.29612115 0.0062819496 0.29648033 0.0 0.4359148 0.033277176 0.0 0.39552188 0.25563416 0.549447 0.47785145 
0.43360582 0.19650313 0.0 0.40981653 0.4526771 0.43855208 0.21269386 0.0 0.4345349 0.0 0.7575415 0.18438917 0.19509527 0.6385966 0.22691211 0.06108897 0.04943757 0.45202276 0.55754566 0.21400851 0.0 0.16927902 0.21642251 0.3672912 0.0 0.42767724 0.0 0.0 0.24260187 0.117214404 0.71907187 0.44315892 
0.3785944 0.0 0.063769415 0.4340035 0.46165112 0.4995389 0.22974548 0.056148153 0.47419548 0.0 0.5480672 0.07816798 0.13681157 0.48049 0.24761763 0.22622207 0.029667556 0.34351042 0.55123436 0.13049892 0.0 0.0943317 0.34299102 0.43146682 0.0 0.6085086 0.057744376 0.0 0.0 0.0 0.5636085 0.25542527 
0.18261749 0.0 0.084932126 0.40854344 0.4472712 0.53737986 0.18352795 0.0 0.4010204 0.0 0.43946293 0.29239708 0.0068298876 0.5410643 0.35136303 0.18454117 0.0 0.47141486 0.7539905 0.30914077 0.0 0.0 0.32853702 0.42536294 0.0 0.65235525 0.1022614 0.008185439 0.0 0.0 0.39324945 0.4441736 
0.0 0.0 0.17878908 0.4966743 0.23921484 0.21736644 0.42970693 0.16128674 0.0774218 0.0 0.36291888 0.4390009 0.05874825 0.2991155 0.18037687 0.0 0.16371948 0.4295462 0.80109715 0.25420094 0.0 0.24929073 0.21676938 0.4932922 0.0 0.50397515 0.5294069 0.0 0.0 0.0 0.48262212 0.2407398 
0.13904756 0.06511697 0.20462848 0.25577635 0.14199466 0.20252557 0.34921074 0.20638995 0.2295123 0.032518588 0.18695958 0.22157717 0.054985154 0.104969814 0.20493753 0.08130991 0.093341365 0.3416923 0.30517647 0.14174087 0.11580978 0.28060097 0.26863298 0.44422245 0.04063162 0.4918817 0.42723387 0.104667574 0.14799224 0.05730458 0.050194606 0.12566628 
0.1 0.1 0.1 0.1 0.1 0.1 0.1 0.1 0.1 0.1 0.1 0.1 0.1 0.1 0.1 0.1 0.1 0.1 0.1 0.1 0.1 0.1 0.1 0.1 0.1 0.1 0.1 0.1 0.1 0.1 0.1 0.1 
0.1 0.1 0.1 0.1 0.1 0.1 0.1 0.1 0.1 0.1 0.1 0.1 0.1 0.1 0.1 0.1 0.1 0.1 0.1 0.1 0.1 0.1 0.1 0.1 0.1 0.1 0.1 0.1 0.1 0.1 0.1 0.1 
0.1 0.1 0.1 0.1 0.1 0.1 0.1 0.1 0.1 0.1 0.1 0.1 0.1 0.1 0.1 0.1 0.1 0.1 0.1 0.1 0.1 0.1 0.1 0.1 0.1 0.1 0.1 0.1 0.1 0.1 0.1 0.1 
0.1 0.1 0.1 0.1 0.1 0.1 0.1 0.1 0.1 0.1 0.1 0.1 0.1 0.1 0.1 0.1 0.1 0.1 0.1 0.1 0.1 0.1 0.1 0.1 0.1 0.1 0.1 0.1 0.1 0.1 0.1 0.1 
0.1 0.1 0.1 0.1 0.1 0.12744859 0.14683992 0.1 0.12766129 0.1 0.19700837 0.1940672 0.1 0.20601057 0.17305446 0.15916893 0.1292719 0.19057697 0.2884369 0.1 0.13246346 0.15608352 0.1794739 0.1 0.107131325 0.1 0.15312499 0.1 0.24514163 0.1 0.1 0.24507955 
0.115042575 0.10045847 0.1 0.11418714 0.1 0.15376914 0.12216115 0.1 0.12435829 0.1 0.298513 0.24956086 0.1 0.22105369 0.1 0.12811704 0.12222168 0.31501898 0.4713143 0.112570256 0.1 0.16838562 0.24709567 0.1 0.11292789 0.1 0.18614052 0.1 0.2187066 0.22004339 0.28046966 0.31623167 
0.21578185 0.12306524 0.1 0.13740116 0.1 0.1 0.16684064 0.2096178 0.24313778 0.1 0.28341442 0.25844118 0.1 0.3639523 0.1 0.1 0.103069454 0.32913893 0.5489084 0.11164725 0.1 0.13631989 0.182847 0.1 0.102181524 0.1 0.14840838 0.1 0.33925134 0.24280423 0.2708748 0.3802243 
0.22761372 0.12797664 0.1 0.122360915 0.1 0.1035799 0.18442464 0.2096178 0.25203595 0.1 0.2915579 0.27207255 0.1 0.3865395 0.10878019 0.10620268 0.10800403 0.33967292 0.56150216 0.11433016 0.10887673 0.115961745 0.15012327 0.1 0.102181524 0.1 0.1175708 0.1 0.3745051 0.24280423 0.25500607 0.3870763 
0.34078932 0.3099268 0.074182205 0.053654976 0.0829546 0.21758977 0.2526403 0.07813526 0.38667405 0.05644437 0.46792653 0.2809801 0.0010701567 0.5713825 0.14108843 0.16160946 0.14727575 0.47172233 0.6200265 0.26965132 0.1903472 0.13945898 0.16218248 0.05707008 0.09628232 0.19683391 0.111866325 0.022195503 0.46560287 0.3039641 0.20316675 0.4776515 
0.333427 0.40069637 0.009045869 0.18953183 0.36415222 0.42400804 0.25355235 0.0 0.38965446 0.0 0.79272413 0.1103691 0.0 0.6735714 0.18819092 0.2114553 0.19000518 0.53243834 0.68492526 0.2972644 0.060957808 0.097626716 0.22468281 0.114059016 0.0 0.20256394 0.0 0.0 0.28587848 0.36717156 0.68214375 0.5054662 
0.5065273 0.05966174 0.0 0.319701 0.39020145 0.38789567 0.20074233 0.0 0.5352072 0.0 0.7201867 0.19603519 0.03096208 0.80875754 0.17327294 0.005624987 0.0 0.4605613 0.8847977 0.3039928 0.0 0.051383864 0.18827549 0.105291605 0.0 0.3681861 0.0 0.0 0.13129479 0.089162715 0.7459632 0.51317006 
0.2520012 0.0 0.0 0.57504654 0.3585226 0.29106 0.34280416 0.08659949 0.40991917 0.0 0.5588313 0.48709086 0.0 0.8670168 0.20635606 0.0 0.009919673 0.58521867 1.1061904 0.3164297 0.0 0.11490494 0.26844597 0.369781 0.0 0.51028895 0.36652824 0.0 0.0 0.0 0.6067607 0.6512104 
0.113676116 0.0 0.009920135 0.5399438 0.23824626 0.09458613 0.43182725 0.34812775 0.28844824 0.0 0.41010717 0.45961532 0.0 0.35936785 0.14727627 0.0 0.17171726 0.52875847 0.86111814 0.16777283 0.0 0.29104412 0.23056138 0.5063216 0.0 0.48780805 0.4928172 0.010237649 0.07410205 0.0 0.5256888 0.22780758 
0.23255509 0.09271188 0.069643654 0.22002608 0.087128766 0.10631332 0.3152175 0.31706676 0.29966685 0.06196313 0.16953984 0.12905827 0.07789848 0.24560416 0.15148255 0.063137844 0.10140803 0.24269837 0.30439615 0.13210313 0.06566103 0.26847732 0.073083594 0.16292587 0.10140495 0.43376634 0.16414173 0.13797134 0.28272805 0.100636885 0.08722259 0.18413657 
0.1 0.1 0.1 0.1 0.1 0.1 0.1 0.1 0.1 0.1 0.1 0.1 0.1 0.1 0.1 0.1 0.1 0.1 0.1 0.1 0.1 0.1 0.1 0.1 0.1 0.1 0.1 0.1 0.1 0.1 0.1 0.1 
0.1 0.1 0.1 0.1 0.1 0.1 0.1 0.1 0.1 0.1 0.1 0.1 0.1 0.1 0.1 0.1 0.1 0.1 0.1 0.1 0.1 0.1 0.1 0.1 0.1 0.1 0.1 0.1 0.1 0.1 0.1 0.1 
0.1 0.1 0.1 0.1 0.1 0.1 0.1 0.1 0.1 0.1 0.1 0.1 0.1 0.1 0.1 0.1 0.1 0.1 0.1 0.1 0.1 0.1 0.1 0.1 0.1 0.1 0.1 0.1 0.1 0.1 0.1 0.1 
0.1 0.1 0.1 0.1 0.1 0.1 0.1 0.1 0.1 0.1 0.1 0.1 0.1 0.1 0.1 0.1 0.1 0.1 0.1 0.1 0.1 0.1 0.1 0.1 0.1 0.1 0.1 0.1 0.1 0.1 0.1 0.1 
0.1 0.1 0.1 0.1 0.1 0.1 0.1 0.1 0.1 0.1 0.1 0.1 0.1 0.1 0.1 0.1 0.1 0.1 0.1 0.1 0.1 0.1 0.1 0.1 0.1 0.1 0.1 0.1 0.1 0.1 0.1 0.1 
0.1 0.1 0.1 0.1 0.1 0.1 0.1 0.1 0.1 0.1 0.1 0.1 0.1 0.1 0.1 0.1 0.1 0.1 0.1 0.1 0.1 0.1 0.1 0.1 0.1 0.1 0.1 0.1 0.1 0.1 0.1 0.1 
0.1 0.1 0.1 0.1 0.1 0.1 0.1 0.1 0.1 0.1 0.1 0.1 0.1 0.1 0.1 0.1 0.1 0.1 0.1 0.1 0.1 0.1 0.1 0.1 0.1 0.1 0.1 0.1 0.1 0.1 0.1 0.1 
0.1 0.10121883 0.10103495 0.10058934 0.1 0.1 0.10111104 0.10170838 0.1 0.1 0.1 0.1 0.1010221 0.1 0.1 0.10313975 0.10146963 0.10080652 0.10189918 0.1 0.10207698 0.1 0.1 0.101741105 0.10047116 0.1 0.1 0.100163594 0.1 0.1005604 0.10175722 0.1 
0.11138794 0.18078119 0.1196589 0.11459717 0.28779456 0.18478371 0.174938 0.14472058 0.099382006 0.061743036 0.3350767 0.07270329 0.1944493 0.11061324 0.060932305 0.3437275 0.27366513 0.16410199 0.21833256 0.07756996 0.14047205 0.09873219 0.13147278 0.13462152 0.10535464 0.09696794 0.058508318 0.10039034 0.065437496 0.11761809 0.25681645 0.08223188 
0.2646397 0.19444302 0.0 0.0 0.34966156 0.42718595 0.21970172 0.021963492 0.25923824 0.0 0.46599165 0.0 0.09367184 0.46692145 0.2796514 0.4944353 0.179697 0.32654798 0.4041318 0.24266958 0.06995182 0.123675466 0.30468097 0.12299302 0.0 0.19960818 0.0 0.0 0.04692995 0.0 0.30181453 0.4452582 
0.3192286 0.043270055 0.0 0.32446072 0.42297608 0.46622062 0.08140995 0.0 0.27144784 0.0 0.70043564 0.5310546 0.0 0.8057996 0.22125238 0.23003656 0.0 0.52188015 1.0152858 0.28246307 0.010589793 0.0 0.29016173 0.20659095 0.0 0.16103417 0.15043989 0.0 0.0 0.0 0.66055787 0.65791243 
0.08207448 0.0 0.011995725 0.55230945 0.2792267 0.16161919 0.3721353 0.31817335 0.28061667 0.0 0.44089752 0.51333934 0.0 0.6835549 0.04975332 0.0 0.18527496 0.5498911 1.0942495 0.29683557 0.0 0.26126656 0.24942335 0.53215545 0.0 0.49458987 0.5063255 0.0 0.0 0.0 0.68053865 0.54352844 
0.24034509 0.06531421 0.044694312 0.35161847 0.08743229 0.070179 0.3933434 0.3540633 0.33000246 0.0 0.17414218 0.34722888 0.0 0.26424727 0.15392306 0.0 0.10828789 0.4699476 0.49749196 0.18028894 0.0 0.30202085 0.14343898 0.4242021 0.042315908 0.49393848 0.44641012 0.13851495 0.29097715 0.07746127 0.20538092 0.18945056 
0.20313245 0.1 0.1 0.102177784 0.1 0.10780571 0.15915088 0.19956863 0.20165466 0.1 0.13148206 0.1 0.1 0.22749093 0.1 0.1 0.10017828 0.14057106 0.1405401 0.1 0.1 0.10941562 0.1 0.106626414 0.1 0.25460353 0.1 0.13154645 0.23541138 0.1 0.1 0.18175052 
0.1 0.1 0.1 0.1 0.1 0.1 0.1 0.1 0.1 0.1 0.1 0.1 0.1 0.1 0.1 0.1 0.1 0.1 0.1 0.1 0.1 0.1 0.1 0.1 0.1 0.1 0.1 0.1 0.1 0.1 0.1 0.1 
0.1 0.1 0.1 0.1 0.1 0.1 0.1 0.1 0.1 0.1 0.1 0.1 0.1 0.1 0.1 0.1 0.1 0.1 0.1 0.1 0.1 0.1 0.1 0.1 0.1 0.1 0.1 0.1 0.1 0.1 0.1 0.1 
0.1 0.1 0.1 0.1 0.1 0.1 0.1 0.1 0.1 0.1 0.1 0.1 0.1 0.1 0.1 0.1 0.1 0.1 0.1 0.1 0.1 0.1 0.1 0.1 0.1 0.1 0.1 0.1 0.1 0.1 0.1 0.1 
0.1 0.1 0.1 0.1 0.1 0.1 0.1 0.1 0.1 0.1 0.1 0.1 0.1 0.1 0.1 0.1 0.1 0.1 0.1 0.1 0.1 0.1 0.1 0.1 0.1 0.1 0.1 0.1 0.1 0.1 0.1 0.1 
0.1 0.1 0.1 0.1 0.1 0.1 0.1 0.1 0.1 0.1 0.1 0.1 0.1 0.1 0.1 0.1 0.1 0.1 0.1 0.1 0.1 0.1 0.1 0.1 0.1 0.1 0.1 0.1 0.1 0.1 0.1 0.1 
0.1 0.1 0.1 0.1 0.1 0.1 0.1 0.1 0.1 0.1 0.1 0.1 0.1 0.1 0.1 0.1 0.1 0.1 0.1 0.1 0.1 0.1 0.1 0.1 0.1 0.1 0.1 0.1 0.1 0.1 0.1 0.1 
0.1 0.1 0.1 0.1 0.1 0.1 0.1 0.1 0.1 0.1 0.1 0.1 0.1 0.1 0.1 0.1 0.1 0.1 0.1 0.1 0.1 0.1 0.1 0.1 0.1 0.1 0.1 0.1 0.1 0.1 0.1 0.1 
0.1 0.20224136 0.12192393 0.11354135 0.14668122 0.13309272 0.14564379 0.14466584 0.1 0.1 0.18663841 0.1 0.13868836 0.1 0.1 0.23077765 0.25330988 0.11626229 0.1402259 0.1 0.14309062 0.1 0.1 0.13672851 0.1073322 0.1 0.1 0.102195404 0.1 0.12021521 0.18865938 0.1 
0.28115138 0.246001 0.06047786 0.10591052 0.35120136 0.3946104 0.14946729 0.1110405 0.23451671 0.0 0.37321147 0.0 0.22581992 0.24663746 0.21850137 0.5045 0.2610783 0.121426135 0.10070638 0.06280649 0.049281143 0.084235616 0.21793656 0.15239188 0.007963061 0.14784098 0.0 0.043468118 0.0 0.08962847 0.26146865 0.22866258 
0.2533157 0.04335245 0.0 0.19842033 0.4110016 0.44730845 0.07058391 0.0 0.24705163 0.0 0.5186076 0.29671913 0.04604942 0.76251954 0.25143152 0.48545915 0.0 0.30451196 0.822887 0.25510353 0.09665944 0.0 0.28100404 0.0908435 0.0 0.20727563 0.0 0.0 0.022534892 0.0 0.453433 0.65512395 
0.07609783 0.0 0.061458368 0.5772809 0.26183802 0.46710807 0.38648036 0.04140516 0.20655821 0.0 0.49891526 0.5745067 0.0 0.7666077 0.17046684 0.0 0.12576112 0.6127028 0.98525023 0.3326148 0.04746918 0.31103954 0.2865618 0.497852 0.0 0.35687804 0.55614644 0.0 0.0 0.0 0.7154202 0.67991513 
0.23255628 0.027413934 0.0 0.6013842 0.20044422 0.10438431 0.40847123 0.3542617 0.30098024 0.0 0.38366926 0.4276571 0.0 0.31246364 0.11984267 0.0 0.16749968 0.5151071 0.7396978 0.18766354 0.0 0.3041933 0.22994924 0.5090946 0.0 0.46773043 0.49672234 0.070774145 0.17719023 0.06233686 0.5134372 0.19828208 
0.2686988 0.09216095 0.07155734 0.19606005 0.1103689 0.10143395 0.3171582 0.3097863 0.27986437 0.06275878 0.1884951 0.11244479 0.07879672 0.29903504 0.123229064 0.06478979 0.1000871 0.21484187 0.300692 0.13057114 0.06804395 0.3027944 0.07451599 0.14373034 0.10062945 0.43046445 0.10759605 0.15409571 0.30425543 0.099928424 0.08584893 0.21145113 
0.10349713 0.1 0.1 0.1 0.1 0.1 0.100964166 0.10325205 0.103775956 0.1 0.1 0.1 0.1 0.105289504 0.1 0.1 0.100002535 0.10114477 0.10090937 0.1 0.1 0.1 0.1 0.1 0.100158624 0.10473925 0.1 0.10113287 0.105141364 0.10007191 0.1 0.10337795 
0.1 0.1 0.1 0.1 0.1 0.1 0.1 0.1 0.1 0.1 0.1 0.1 0.1 0.1 0.1 0.1 0.1 0.1 0.1 0.1 0.1 0.1 0.1 0.1 0.1 0.1 0.1 0.1 0.1 0.1 0.1 0.1 
0.1 0.1 0.1 0.1 0.1 0.1 0.1 0.1 0.1 0.1 0.1 0.1 0.1 0.1 0.1 0.1 0.1 0.1 0.1 0.1 0.1 0.1 0.1 0.1 0.1 0.1 0.1 0.1 0.1 0.1 0.1 0.1 
0.1 0.1 0.1 0.1 0.1 0.1 0.1 0.1 0.1 0.1 0.1 0.1 0.1 0.1 0.1 0.1 0.1 0.1 0.1 0.1 0.1 0.1 0.1 0.1 0.1 0.1 0.1 0.1 0.1 0.1 0.1 0.1 
0.1 0.1 0.1 0.1 0.1 0.1 0.1 0.1 0.1 0.1 0.1 0.1 0.1 0.1 0.1 0.1 0.1 0.1 0.1 0.1 0.1 0.1 0.1 0.1 0.1 0.1 0.1 0.1 0.1 0.1 0.1 0.1 
0.1 0.1 0.1 0.1 0.1 0.1 0.1 0.1 0.1 0.1 0.1 0.1 0.1 0.1 0.1 0.1 0.1 0.1 0.1 0.1 0.1 0.1 0.1 0.1 0.1 0.1 0.1 0.1 0.1 0.1 0.1 0.1 
0.1 0.1 0.1 0.1 0.1 0.1 0.1 0.1 0.1 0.1 0.1 0.1 0.1 0.1 0.1 0.1 0.1 0.1 0.1 0.1 0.1 0.1 0.1 0.1 0.1 0.1 0.1 0.1 0.1 0.1 0.1 0.1 
0.1 0.11421964 0.112074375 0.10687566 0.1 0.1 0.11296207 0.11993115 0.1 0.1 0.1 0.1 0.11192452 0.1 0.1 0.13663045 0.11714567 0.10940942 0.12215704 0.1 0.12423143 0.1 0.1 0.12031288 0.10549687 0.1 0.1 0.101908535 0.1 0.10653797 0.12050088 0.1 
0.23685426 0.26663706 0.13006029 0.11736068 0.35800552 0.24016902 0.15244153 0.1514481 0.105165236 0.001323618 0.3655607 0.018457472 0.21192941 0.09389168 0.06156805 0.47591126 0.2900582 0.12123155 0.15514727 0.035976708 0.15790677 0.09552322 0.15639418 0.18620127 0.106621794 0.15509225 0.0 0.10136481 0.0 0.11798476 0.25612518 0.084014535 
0.30513242 0.16915333 0.0 0.0 0.41885686 0.4442831 0.1027761 0.012820609 0.26795837 0.0 0.53079796 0.08298923 0.14015052 0.5805537 0.30210432 0.5209158 0.0 0.20554827 0.56229025 0.26698062 0.10141429 0.0 0.23637384 0.09965577 0.0 0.19847262 0.0 0.0 0.06277449 0.0 0.3224088 0.504581 
0.21084745 0.0 0.049205836 0.48317695 0.40066054 0.44748676 0.24065715 0.0 0.19964129 0.0 0.54382676 0.5749143 0.0 0.77775997 0.19462676 0.24610594 0.031984523 0.6135391 0.9839235 0.30349544 0.094343066 0.13145563 0.2825686 0.38010472 0.0 0.23353979 0.42359003 0.0 0.0 0.0 0.7056488 0.70411646 
0.13457203 0.0 0.017464295 0.5408971 0.24377623 0.13554078 0.4180844 0.34693515 0.31527168 0.0 0.46602422 0.54298717 0.0 0.36602628 0.09909387 0.0 0.17474599 0.55877066 0.96733576 0.1990976 0.0 0.3143045 0.26874164 0.5369939 0.0 0.48281565 0.52365047 0.0 0.040779933 0.0 0.61702096 0.31385264 
0.25149214 0.10178537 0.0416876 0.246918 0.08501283 0.10248657 0.34687495 0.3821128 0.2924213 0.0077071264 0.1822269 0.23040202 0.051603884 0.2788911 0.12969841 0.02112791 0.10083616 0.36727017 0.4239948 0.17751698 0.03665518 0.30907437 0.07136825 0.25454137 0.09445558 0.41594884 0.24775818 0.1513599 0.29404116 0.10430919 0.09269795 0.1856836 
0.16837847 0.1 0.1 0.1 0.1 0.1 0.11951076 0.1646485 0.17422017 0.1 0.1 0.1 0.1 0.20351331 0.1 0.1 0.10000109 0.12164872 0.11978317 0.1 0.1 0.1 0.1 0.1 0.102917455 0.19151536 0.1 0.122324035 0.20036861 0.10221204 0.1 0.16541252 
0.1 0.1 0.1 0.1 0.1 0.1 0.1 0.1 0.1 0.1 0.1 0.1 0.1 0.1 0.1 0.1 0.1 0.1 0.1 0.1 0.1 0.1 0.1 0.1 0.1 0.1 0.1 0.1 0.1 0.1 0.1 0.1 
0.1 0.1 0.1 0.1 0.1 0.1 0.1 0.1 0.1 0.1 0.1 0.1 0.1 0.1 0.1 0.1 0.1 0.1 0.1 0.1 0.1 0.1 0.1 0.1 0.1 0.1 0.1 0.1 0.1 0.1 0.1 0.1 
0.1 0.1 0.1 0.1 0.1 0.1 0.1 0.1 0.1 0.1 0.1 0.1 0.1 0.1 0.1 0.1 0.1 0.1 0.1 0.1 0.1 0.1 0.1 0.1 0.1 0.1 0.1 0.1 0.1 0.1 0.1 0.1 
0.1 0.1 0.1 0.1 0.1 0.1 0.1 0.1 0.1 0.1 0.1 0.1 0.1 0.1 0.1 0.1 0.1 0.1 0.1 0.1 0.1 0.1 0.1 0.1 0.1 0.1 0.1 0.1 0.1 0.1 0.1 0.1 
0.1 0.1 0.1 0.1 0.1 0.1 0.1 0.1 0.1 0.1 0.1 0.1 0.1 0.1 0.1 0.1 0.1 0.1 0.1 0.1 0.1 0.1 0.1 0.1 0.1 0.1 0.1 0.1 0.1 0.1 0.1 0.1 
0.1 0.1 0.1 0.1 0.1 0.1 0.1 0.1 0.1 0.1 0.1 0.1 0.1 0.1 0.1 0.1 0.1 0.1 0.1 0.1 0.1 0.1 0.1 0.1 0.1 0.1 0.1 0.1 0.1 0.1 0.1 0.1 
0.1 0.1 0.1 0.1 0.1 0.1 0.1 0.1 0.1 0.1 0.1 0.1 0.1 0.1 0.1 0.1 0.1 0.1 0.1 0.1 0.1 0.1 0.1 0.1 0.1 0.1 0.1 0.1 0.1 0.1 0.1 0.1 
0.09774318 0.22725725 0.11169162 0.11746724 0.21280374 0.15067647 0.14151956 0.14510281 0.09976903 0.08662212 0.2621626 0.089561276 0.16984907 0.09942661 0.085778475 0.29330504 0.25627306 0.10966078 0.13009864 0.092203386 0.12007164 0.08587756 0.09277722 0.131828 0.10196317 0.09895674 0.085189715 0.10068162 0.08684982 0.11172488 0.22208196 0.093328975 
0.26724404 0.24854198 0.029966317 0.068951614 0.38333887 0.44548756 0.14091411 0.08605422 0.27783206 0.0 0.4015176 0.0 0.21023172 0.35986447 0.27356583 0.5228208 0.18618762 0.17961302 0.273177 0.14392056 0.062385008 0.07877099 0.25087914 0.15989353 0.0 0.1706964 0.0 0.0 0.043663297 0.06686102 0.25484526 0.36288157 
0.2916262 0.0 0.0 0.26822463 0.4043699 0.4495412 0.040307533 0.0 0.2836692 0.0 0.5408166 0.5006294 0.0 0.752655 0.2996769 0.36104265 0.0 0.4771231 0.9041167 0.26097232 0.095553175 0.0 0.31828684 0.20437264 0.0 0.17936522 0.09308865 0.0 0.05851326 0.0 0.61700416 0.6566184 
0.044439428 0.0 0.080474816 0.60420835 0.28030902 0.24308291 0.39270136 0.3168171 0.22973448 0.0 0.51637167 0.537745 0.0 0.5601767 0.079201125 0.0 0.16072176 0.57557374 1.0245993 0.31650257 0.0 0.29202607 0.27287942 0.5365935 0.0 0.4801644 0.56601447 0.0 0.0 0.0 0.67094624 0.4731357 
0.26590934 0.063265696 0.026671708 0.38102 0.09778319 0.06087168 0.37456888 0.3694772 0.31341502 0.0 0.21566018 0.33222213 0.028628662 0.29244637 0.12568009 0.0 0.09891277 0.48872864 0.524218 0.18331918 0.0 0.32208222 0.12856503 0.4186801 0.060403917 0.44043878 0.414277 0.14029977 0.28231364 0.08511774 0.29467776 0.1849133 
0.22440965 0.1 0.1 0.11897156 0.1 0.10290339 0.19006708 0.24063346 0.23643577 0.1 0.13388959 0.1 0.1 0.25482824 0.1 0.1 0.10073232 0.15430984 0.183545 0.1 0.1 0.12996307 0.1 0.10363013 0.10081578 0.30015537 0.1 0.13798323 0.2717415 0.1003698 0.1 0.19267575 
0.1 0.1 0.1 0.1 0.1 0.1 0.1 0.1 0.1 0.1 0.1 0.1 0.1 0.1 0.1 0.1 0.1 0.1 0.1 0.1 0.1 0.1 0.1 0.1 0.1 0.1 0.1 0.1 0.1 0.1 0.1 0.1 
0.1 0.1 0.1 0.1 0.1 0.1 0.1 0.1 0.1 0.1 0.1 0.1 0.1 0.1 0.1 0.1 0.1 0.1 0.1 0.1 0.1 0.1 0.1 0.1 0.1 0.1 0.1 0.1 0.1 0.1 0.1 0.1 
0.1 0.1 0.1 0.1 0.1 0.1 0.1 0.1 0.1 0.1 0.1 0.1 0.1 0.1 0.1 0.1 0.1 0.1 0.1 0.1 0.1 0.1 0.1 0.1 0.1 0.1 0.1 0.1 0.1 0.1 0.1 0.1 
0.1 0.1 0.1 0.1 0.1 0.1 0.1 0.1 0.1 0.1 0.1 0.1 0.1 0.1 0.1 0.1 0.1 0.1 0.1 0.1 0.1 0.1 0.1 0.1 0.1 0.1 0.1 0.1 0.1 0.1 0.1 0.1 
0.1 0.1 0.1 0.1 0.1 0.1 0.1 0.1 0.1 0.1 0.1 0.1 0.1 0.1 0.1 0.1 0.1 0.1 0.1 0.1 0.1 0.1 0.1 0.1 0.1 0.1 0.1 0.1 0.1 0.1 0.1 0.1 
0.1 0.1 0.1 0.1 0.1 0.1 0.1 0.1 0.1 0.1 0.1 0.1 0.1 0.1 0.1 0.1 0.1 0.1 0.1 0.1 0.1 0.1 0.1 0.1 0.1 0.1 0.1 0.1 0.1 0.1 0.1 0.1 
0.1 0.1 0.1 0.1 0.1 0.1 0.1 0.1 0.1 0.1 0.1 0.1 0.1 0.1 0.1 0.1 0.1 0.1 0.1 0.1 0.1 0.1 0.1 0.1 0.1 0.1 0.1 0.1 0.1 0.1 0.1 0.1 
0.1 0.1 0.1 0.1 0.1 0.1 0.1 0.1 0.1 0.1 0.1 0.1 0.1 0.1 0.1 0.1 0.1 0.1 0.1 0.1 0.1 0.1 0.1 0.1 0.1 0.1 0.1 0.1 0.1 0.1 0.1 0.1 
0.11815426 0.40835828 0.105321266 0.09370231 0.30942136 0.33671305 0.1784142 0.0992178 0.058505896 0.07175912 0.36105067 0.046643708 0.19771627 0.1724393 0.10571197 0.39122552 0.17855138 0.17301688 0.16104181 0.052098617 0.15874255 0.060160078 0.08031029 0.13994616 0.055254452 0.14084923 0.0699141 0.06693946 0.016525708 0.113981046 0.22530878 0.13243827 
0.36125022 0.18207978 0.0 0.13195191 0.37983337 0.5518539 0.09057168 0.0 0.41668448 0.0 0.494059 0.0 0.088846885 0.5487347 0.32307088 0.51768976 0.0054666474 0.25733733 0.51209533 0.13589287 0.06712675 0.0 0.23352614 0.038776062 0.0 0.10648944 0.0 0.0 0.16135934 0.0 0.4721912 0.49987534 
0.2271955 0.0 0.098446146 0.590541 0.26102242 0.48077664 0.31464827 0.14663236 0.32435235 0.0 0.4545623 0.49959084 0.0 0.7125756 0.15898463 0.029208109 0.0 0.51957715 0.99839777 0.36046925 0.0 0.07555726 0.35077986 0.41803464 0.0 0.36232588 0.4515807 0.0 0.0 0.0 0.7095543 0.59639484 
0.13062567 0.014892757 0.020220406 0.5686284 0.22526875 0.06856324 0.49112132 0.41896528 0.26372123 0.0 0.3927071 0.47329667 0.0061239973 0.3514943 0.1913667 0.0 0.17794877 0.5740583 0.84938943 0.26448488 0.0 0.26912257 0.26551786 0.4637394 0.0 0.54835033 0.5469341 0.04891613 0.060189664 0.0 0.49902728 0.18002279 
0.25794494 0.1 0.1 0.21939562 0.1 0.11295572 0.29135144 0.3374845 0.27661523 0.1 0.2193681 0.102249086 0.1 0.2902409 0.1 0.1 0.10261633 0.21338756 0.3202811 0.12685397 0.1 0.28249824 0.1 0.124752395 0.1010641 0.38565153 0.1 0.14907615 0.2992925 0.10997067 0.1 0.22119164 
0.11598687 0.1 0.1 0.1 0.1 0.1 0.10440762 0.11486654 0.1172615 0.1 0.1 0.1 0.1 0.12418059 0.1 0.1 0.10001157 0.10523324 0.104157105 0.1 0.1 0.1 0.1 0.1 0.10072514 0.121665135 0.1 0.10517883 0.12350336 0.10032871 0.1 0.115442075 
0.1 0.1 0.1 0.1 0.1 0.1 0.1 0.1 0.1 0.1 0.1 0.1 0.1 0.1 0.1 0.1 0.1 0.1 0.1 0.1 0.1 0.1 0.1 0.1 0.1 0.1 0.1 0.1 0.1 0.1 0.1 0.1 
0.1 0.1 0.1 0.1 0.1 0.1 0.1 0.1 0.1 0.1 0.1 0.1 0.1 0.1 0.1 0.1 0.1 0.1 0.1 0.1 0.1 0.1 0.1 0.1 0.1 0.1 0.1 0.1 0.1 0.1 0.1 0.1 
0.1 0.1 0.1 0.1 0.1 0.1 0.1 0.1 0.1 0.1 0.1 0.1 0.1 0.1 0.1 0.1 0.1 0.1 0.1 0.1 0.1 0.1 0.1 0.1 0.1 0.1 0.1 0.1 0.1 0.1 0.1 0.1 
0.1 0.1 0.1 0.1 0.1 0.1 0.1 0.1 0.1 0.1 0.1 0.1 0.1 0.1 0.1 0.1 0.1 0.1 0.1 0.1 0.1 0.1 0.1 0.1 0.1 0.1 0.1 0.1 0.1 0.1 0.1 0.1 
0.1 0.1 0.1 0.1 0.1 0.1 0.1 0.1 0.1 0.1 0.1 0.1 0.1 0.1 0.1 0.1 0.1 0.1 0.1 0.1 0.1 0.1 0.1 0.1 0.1 0.1 0.1 0.1 0.1 0.1 0.1 0.1 
0.1 0.1 0.1 0.1 0.1 0.1 0.1 0.1 0.1 0.1 0.1 0.1 0.1 0.1 0.1 0.1 0.1 0.1 0.1 0.1 0.1 0.1 0.1 0.1 0.1 0.1 0.1 0.1 0.1 0.1 0.1 0.1 
0.1 0.1 0.1 0.1 0.1 0.1 0.1 0.1 0.1 0.1 0.1 0.1 0.1 0.1 0.1 0.1 0.1 0.1 0.1 0.1 0.1 0.1 0.1 0.1 0.1 0.1 0.1 0.1 0.1 0.1 0.1 0.1 
0.1 0.1 0.1 0.1 0.1 0.1 0.1 0.1 0.1 0.1 0.1 0.1 0.1 0.1 0.1 0.1 0.1 0.1 0.1 0.1 0.1 0.1 0.1 0.1 0.1 0.1 0.1 0.1 0.1 0.1 0.1 0.1 
0.10795267 0.42470938 0.085114546 0.019149058 0.26986638 0.40249273 0.22302106 0.014133729 0.11403774 0.05746804 0.4822491 0.15866414 0.08032802 0.30876252 0.2914538 0.36618218 0.12346944 0.25508317 0.2590889 0.100483015 0.20104751 0.097177394 0.13555884 0.11159324 0.0 0.1740948 0.0633513 0.0076394305 0.27950948 0.09954188 0.10140133 0.3784346 
0.3299009 0.27229834 0.0 0.16180217 0.41929194 0.5939768 0.04835673 0.0 0.36102837 0.0 0.5934603 0.2932544 0.0014609694 0.5271297 0.3685291 0.420174 0.0 0.34594035 0.63510597 0.1945858 0.0 0.021252863 0.30195147 0.09787767 0.0 0.056361865 0.0 0.0 0.3300912 0.065534316 0.6498826 0.5605625 
0.16939473 0.0 0.007936858 0.5722879 0.24283722 0.27915126 0.33014417 0.3139574 0.3447772 0.0 0.3884218 0.49331677 0.061795205 0.4676563 0.11491986 0.0 0.19914734 0.4690741 0.9722443 0.27113262 0.0 0.23928389 0.2994356 0.5089177 0.0 0.4854659 0.4634593 0.0 0.0 0.0 0.74783176 0.3949173 
0.1854407 0.013699599 0.09581704 0.42363432 0.12261586 0.16610461 0.44161966 0.4079356 0.36765808 0.0 0.17783958 0.38744456 0.0 0.22202085 0.19068302 0.0 0.095486 0.4727092 0.5547728 0.16574818 0.0 0.24699607 0.15513901 0.4066039 0.0 0.58908266 0.46775874 0.1302736 0.2244936 0.017252482 0.11306211 0.18888433 
0.15795241 0.1 0.1 0.1 0.1 0.1 0.11597762 0.15389119 0.16257292 0.1 0.1 0.1 0.1 0.18765464 0.1 0.1 0.10004195 0.11897047 0.115069516 0.1 0.1 0.1 0.1 0.1 0.10262862 0.1785361 0.1 0.11877326 0.18519968 0.10119159 0.1 0.15597753 
0.1 0.1 0.1 0.1 0.1 0.1 0.1 0.1 0.1 0.1 0.1 0.1 0.1 0.1 0.1 0.1 0.1 0.1 0.1 0.1 0.1 0.1 0.1 0.1 0.1 0.1 0.1 0.1 0.1 0.1 0.1 0.1 
0.1 0.1 0.1 0.1 0.1 0.1 0.1 0.1 0.1 0.1 0.1 0.1 0.1 0.1 0.1 0.1 0.1 0.1 0.1 0.1 0.1 0.1 0.1 0.1 0.1 0.1 0.1 0.1 0.1 0.1 0.1 0.1 
0.1 0.1 0.1 0.1 0.1 0.1 0.1 0.1 0.1 0.1 0.1 0.1 0.1 0.1 0.1 0.1 0.1 0.1 0.1 0.1 0.1 0.1 0.1 0.1 0.1 0.1 0.1 0.1 0.1 0.1 0.1 0.1 
0.1 0.1 0.1 0.1 0.1 0.1 0.1 0.1 0.1 0.1 0.1 0.1 0.1 0.1 0.1 0.1 0.1 0.1 0.1 0.1 0.1 0.1 0.1 0.1 0.1 0.1 0.1 0.1 0.1 0.1 0.1 0.1 
0.1 0.1 0.1 0.1 0.1 0.1 0.1 0.1 0.1 0.1 0.1 0.1 0.1 0.1 0.1 0.1 0.1 0.1 0.1 0.1 0.1 0.1 0.1 0.1 0.1 0.1 0.1 0.1 0.1 0.1 0.1 0.1 
0.1 0.1 0.1 0.1 0.1 0.1 0.1 0.1 0.1 0.1 0.1 0.1 0.1 0.1 0.1 0.1 0.1 0.1 0.1 0.1 0.1 0.1 0.1 0.1 0.1 0.1 0.1 0.1 0.1 0.1 0.1 0.1 
0.1 0.1 0.1 0.1 0.1 0.1 0.1 0.1 0.1 0.1 0.1 0.1 0.1 0.1 0.1 0.1 0.1 0.1 0.1 0.1 0.1 0.1 0.1 0.1 0.1 0.1 0.1 0.1 0.1 0.1 0.1 0.1 
0.1 0.1 0.1 0.1 0.1 0.1 0.1 0.1 0.1 0.1 0.1 0.1 0.1 0.1 0.1 0.1 0.1 0.1 0.1 0.1 0.1 0.1 0.1 0.1 0.1 0.1 0.1 0.1 0.1 0.1 0.1 0.1 
0.1 0.1 0.1 0.1 0.1 0.1 0.1 0.1 0.1 0.1 0.1 0.1 0.1 0.1 0.1 0.1 0.1 0.1 0.1 0.1 0.1 0.1 0.1 0.1 0.1 0.1 0.1 0.1 0.1 0.1 0.1 0.1 
0.14976282 0.30509186 0.067279905 0.022215083 0.13260189 0.30214924 0.24220061 0.008595571 0.23354173 0.04155445 0.31126407 0.2370483 0.034934953 0.38262275 0.30062097 0.18335973 0.1110723 0.31038103 0.35648227 0.1971513 0.28455454 0.09553297 0.11051692 0.08381296 0.045465566 0.25554296 0.043661684 0.046595607 0.42765972 0.07390284 0.0391684 0.27286702 
0.19394507 0.17717224 0.01911775 0.35202977 0.2545615 0.50200874 0.1573849 0.0 0.34401506 0.08848544 0.58881915 0.31690595 0.009827547 0.5535441 0.3841816 0.10221637 0.11370621 0.422563 0.46329215 0.3196101 0.12057288 0.2295953 0.1582042 0.09059863 0.03606257 0.17595568 0.09114918 0.0 0.41105023 0.3272716 0.6578795 0.47803602 
0.347641 0.04460726 0.0 0.58622 0.16444555 0.037743498 0.31360662 0.38742444 0.30037406 0.21847628 0.38416022 0.373869 0.14418352 0.30710053 0.06142108 0.0 0.16780162 0.3598413 0.49027425 0.22158417 0.0 0.41265434 0.11589669 0.33948767 0.0 0.41974786 0.28277183 0.07891537 0.14213844 0.2709166 0.69090056 0.1628701 
0.2831483 0.06989107 0.12088004 0.2374466 0.1226133 0.13060184 0.3440773 0.322108 0.28589413 0.0 0.19894023 0.1846388 0.046254586 0.28802213 0.14105812 0.029408284 0.101594724 0.27640706 0.27645364 0.1545293 0.07564989 0.3361334 0.08860342 0.265161 0.08726786 0.51734895 0.20850551 0.13673022 0.26232705 0.085900456 0.021530688 0.1943491 
0.1 0.1 0.1 0.1 0.1 0.1 0.1 0.1 0.1 0.1 0.1 0.1 0.1 0.1 0.1 0.1 0.1 0.1 0.1 0.1 0.1 0.1 0.1 0.1 0.1 0.1 0.1 0.1 0.1 0.1 0.1 0.1 
0.1 0.1 0.1 0.1 0.1 0.1 0.1 0.1 0.1 0.1 0.1 0.1 0.1 0.1 0.1 0.1 0.1 0.1 0.1 0.1 0.1 0.1 0.1 0.1 0.1 0.1 0.1 0.1 0.1 0.1 0.1 0.1 
0.1 0.1 0.1 0.1 0.1 0.1 0.1 0.1 0.1 0.1 0.1 0.1 0.1 0.1 0.1 0.1 0.1 0.1 0.1 0.1 0.1 0.1 0.1 0.1 0.1 0.1 0.1 0.1 0.1 0.1 0.1 0.1 
0.1 0.1 0.1 0.1 0.1 0.1 0.1 0.1 0.1 0.1 0.1 0.1 0.1 0.1 0.1 0.1 0.1 0.1 0.1 0.1 0.1 0.1 0.1 0.1 0.1 0.1 0.1 0.1 0.1 0.1 0.1 0.1 
0.1 0.1 0.1 0.1 0.1 0.1 0.1 0.1 0.1 0.1 0.1 0.1 0.1 0.1 0.1 0.1 0.1 0.1 0.1 0.1 0.1 0.1 0.1 0.1 0.1 0.1 0.1 0.1 0.1 0.1 0.1 0.1 
0.1 0.1 0.1 0.1 0.1 0.1 0.1 0.1 0.1 0.1 0.1 0.1 0.1 0.1 0.1 0.1 0.1 0.1 0.1 0.1 0.1 0.1 0.1 0.1 0.1 0.1 0.1 0.1 0.1 0.1 0.1 0.1 
