0.12739538 -0.02997534 -0.12485272 -0.049808633 -0.07852915 -0.0058480217 0.03512321 0.1184677 0.13755254 -0.15644196 -0.027985513 -0.0044931867 -0.09090142 0.19268908 -0.04723596 -0.15161048 9.220771e-05 0.04170232 0.033126947 -0.012717566 -0.14123285 -0.06741982 -0.11070458 -0.005137342 0.005778428 0.172644 -0.10212445 0.0412688 0.18729237 0.0026194311 -0.05255224 0.12305404 
-0.0055524665 0.12469568 -0.026326774 0.15967639 -0.016574176 -0.18133092 0.054454703 0.08509692 0.027149335 -0.008289966 -0.0034803327 0.036878 -0.014097558 -0.0008367025 0.02208454 -0.14736056 -0.03594966 -0.06426469 0.16877218 0.018084196 -0.0812557 0.0058827833 -0.02874325 -0.12410321 -0.015898174 -0.10527142 0.04480825 0.012934647 -0.021686321 0.06840301 0.05558444 -0.059403893 
0.050067116 -0.045222543 -0.07802287 -0.028938672 -0.024873044 0.044668924 -0.06543134 0.1186248 -0.040290397 0.10929745 0.1191522 0.07438769 0.014570594 -0.03754012 -0.19981486 -0.08923196 0.032038458 0.17996284 0.08833447 0.05535486 -0.12218131 0.016843952 0.08894175 0.09618517 -0.008646421 -0.07949704 -0.027832279 0.010271222 -0.041692622 0.15134956 0.14429109 0.042465452 
0.06914404 -0.014991405 0.11127748 0.039474864 0.08504492 0.012910606 0.0019498606 -0.04777088 0.05119675 -0.039216623 0.02471369 -0.07557107 -0.12979984 0.11222247 0.043086324 0.045499515 -0.050677992 0.039820816 0.08990044 -5.1916926e-05 -0.09901275 -0.013882707 0.03493021 0.016569933 0.033569694 -0.0773058 0.10894964 -0.05537541 -0.018237377 0.025094999 0.16308363 0.16504173 
-0.097032756 -0.01707452 -0.07473941 -0.09258916 -0.08931808 0.026082104 0.057046797 -0.1380647 0.0024411976 -0.067906566 0.10523796 0.16419624 -0.14759825 0.061796177 0.06396993 0.045190904 0.058315087 0.08780518 0.17826414 -0.050958373 0.0646733 0.078430645 0.077047706 -0.12558323 -0.012089922 -0.009429475 -0.001944802 -0.12904717 0.19192925 -0.06983248 -0.117594495 0.07741434 
0.081433386 -0.06681274 0.07942849 0.13428886 0.060453843 0.04068042 0.1257108 0.0808005 0.041323204 -0.036664497 0.18917513 -0.050070822 0.015749801 0.01621267 0.054876566 0.039341867 0.005559056 0.03640239 0.060854305 -0.014981504 0.10839268 0.1768627 0.047950696 0.022492878 -0.06206568 0.13544078 0.0023480833 0.02178765 0.047369253 -0.058472503 -0.1517963 0.009696437 
-0.012019516 -0.14795475 -0.13461362 -0.13828722 0.031910572 -0.040113267 0.03791515 -0.08205862 -0.012316174 0.02865969 -0.07583263 0.099776156 0.12579721 -0.055778082 0.04795211 -0.16088434 0.017942673 0.04291856 -0.10976962 0.010449753 -0.095430285 0.004518441 -0.06540634 0.0792289 -0.051682856 0.10581436 0.10218968 -0.13586323 -0.16274853 -0.09783106 0.16461588 -0.15893832 
0.06603878 0.06651116 -0.016157424 0.17923377 0.043349214 0.028657375 -0.10800757 -0.06708679 0.004874363 -0.052220326 0.1694365 -0.07350553 0.034306273 0.13594489 0.06419622 -0.032881044 0.07118558 -0.07759506 0.08555999 -0.00044841046 0.0846565 0.061093368 0.023615323 -0.069484845 -0.08761016 0.0036147777 0.012578468 0.010780714 -0.03576282 0.015961105 0.10980423 -0.022903947 
-0.0774157 0.012961551 -0.042931285 -0.021671398 -0.064127706 0.0149005875 -0.0148858605 -0.1869152 0.15397452 0.06062615 0.14182964 -0.005875358 0.04963884 0.055274125 0.017956696 -0.1643158 -0.087519735 0.12512031 -0.05576464 0.17477873 -0.05071739 0.03723024 -0.128974 0.03586065 0.06678883 0.14274874 -0.12924711 0.0353412 0.04084864 0.13584103 -0.04014976 0.109751455 
0.14996798 0.11294921 -0.05473714 -0.14076559 0.061252326 0.15577255 0.090624005 -0.13614859 0.06322512 -0.12099935 0.051742893 0.0012988747 -0.10518549 0.123954765 0.047225364 -0.06678133 -0.025098175 0.019046947 -0.025390282 0.08101248 0.14903021 -0.09183174 -0.045496948 0.06885941 -0.15151338 0.05794667 -0.17298064 -0.031166006 0.130724 -0.032269564 -0.07911776 -0.0009506784 
-0.12648863 0.016077783 0.09590793 -0.08733209 0.059089452 0.0120875165 0.036758363 -0.03563027 -0.017262464 -0.084361605 -0.100277536 0.03633485 -0.16612415 -0.14466833 -0.0040403004 -0.07804654 -0.073923305 0.10786539 0.06453445 0.08159819 -0.11658788 0.16718006 0.037089225 0.13654484 -0.09173917 0.114773475 0.106004015 -0.062248286 -0.042633522 -0.030167729 -0.03149493 -0.073592044 
-0.11958622 -0.19937052 0.04362482 0.19757085 -0.07732505 -0.04134556 -0.003308972 -0.06627395 0.028769603 0.07047143 -0.08654672 0.06084162 -0.034762554 0.09988453 -0.038245928 0.021525087 0.11058766 0.055296775 0.07420762 0.0019861935 0.055107128 -0.03876088 0.13184021 0.16582464 -0.079551645 -0.011426329 0.089639835 -0.045182366 0.022651797 -0.1864463 -0.008473936 0.10357954 
0.036138844 -0.11969551 -0.04705705 0.116323486 0.06109661 0.048366122 0.15618168 -0.108530596 0.00309079 0.095361166 -0.011837536 0.15840416 0.021250278 -0.102542795 -0.10594379 0.019651242 -0.012349283 -0.06569328 0.023650432 -0.16470885 -0.1772358 0.015279111 -0.11943495 0.009438306 -0.17612427 -0.1925901 -0.12704167 -0.01684156 0.12926649 -0.16970962 0.16498084 -0.055355128 
-0.089968145 -0.12283629 -0.003488332 0.090468965 0.08810713 0.19733927 -0.120196365 -0.11378362 -0.019248107 -0.1305294 -0.13737185 0.006413042 0.04199974 0.097182766 0.19006644 0.08382075 -0.066075176 0.0019806891 -0.032512512 0.06298872 -0.07581347 -0.06825865 0.07266732 -0.18347622 -0.08405721 -0.13682069 0.038815897 -0.11982552 0.020549487 -0.07106712 0.08305275 0.051105686 
0.022675063 0.15278952 0.031316247 -0.07885457 0.024296638 -0.053750854 0.025930896 -0.11120319 -0.018846 0.013569268 0.016920444 -0.06256189 0.05758859 0.01018209 0.0066467845 0.117366515 -0.17057197 0.04911154 0.10509055 -0.01199971 0.04808547 -0.027760832 -0.072386704 0.008162703 -0.07482391 0.13223602 0.0059104925 -0.15410358 -0.08774663 0.023810556 0.014217453 -0.011721811 
-0.033920538 -0.1408193 -0.045429893 0.15597342 -0.10678124 0.14908375 -0.023538254 0.062016226 0.10131337 -0.1568661 -0.027521966 0.028414799 -0.13615724 -0.02398516 0.092777915 -0.16831379 -0.017837133 0.09732969 -0.026413454 -0.023969905 -0.12066138 -0.1460493 -0.010062507 0.047027994 -0.07967574 0.007920905 0.14940897 0.0034878482 -0.08999696 -0.11726166 -0.02766637 0.008900787 
-0.04701004 0.090290934 0.0041323877 -0.019971509 0.058992933 0.09541897 -0.012381489 0.0478265 -0.03746628 -0.024046464 -0.00012282812 0.09534569 -0.0075955377 0.004362892 -0.0028861423 -0.009826153 0.056917276 0.0280565 -0.0050441083 -0.001738661 -0.06434142 0.033848595 0.09959518 0.05030435 0.035661303 0.15631962 0.09158312 -0.013184591 -0.16290428 -0.0015173423 -0.062821046 0.020183368 
0.15189399 -0.06720436 -0.042787164 -0.16480003 -0.033034626 -0.022881493 -0.09818994 -0.03440962 -0.003597796 -0.06253624 -0.008687596 -0.1092964 -0.11802357 0.02567016 0.02353147 -0.076587744 -0.023848804 -0.10568054 0.14731538 0.0018240502 0.12641089 -0.1671633 0.0020084677 -0.0054458003 -0.104890876 0.026804937 -0.06968822 0.07279302 -0.17017683 -0.014539942 -0.013370164 0.05723688 
0.053015452 0.014232548 -0.007317874 0.00010944038 0.041279882 0.04239669 -0.11462816 0.14274672 0.07959125 -0.09247533 0.04390463 0.049399924 0.1089884 -0.13853747 -0.04250383 0.1818405 -0.06864506 0.0027337915 -0.055312444 -0.06377476 -0.019264232 -0.021451352 0.14276415 0.1589627 -0.028538678 -0.07751388 -0.06928607 0.023911336 0.06549581 -0.043648966 0.019520514 -0.024791952 
-0.09722647 0.11488201 -0.0432385 -0.020747578 0.11000567 0.086892806 0.00021181756 -0.042246096 -0.12187606 0.047740776 0.18681829 -0.03519331 -0.011447113 -0.027899921 0.005040284 -0.0045799986 0.18646775 -0.06866354 -0.07958003 -0.07600616 -0.12533633 0.032694098 0.035893463 -0.079303056 -0.13225392 -0.081377685 0.059068855 -0.06080958 -0.09048325 0.003806753 0.023872966 0.114731394 
-0.05719254 0.025973752 -0.0068255216 -0.1170149 0.10878872 -0.09463692 0.19340132 -0.007368183 -0.18270062 0.070633404 0.07863783 0.021762846 0.06451987 0.038030524 -0.0048819515 -0.018705899 -0.007204334 -0.044544637 0.15309598 -0.083016984 0.10654137 -0.014954812 0.025645336 0.03919826 -0.15961674 -0.015527897 -0.013719502 -0.018690672 -0.12859772 -0.021847403 0.06924746 0.0625906 
-0.035825584 0.06081285 0.12519608 0.037486915 -0.0025796888 -0.106095634 -0.10385726 0.06805277 -0.11279439 -0.061704107 0.08558383 0.014126497 0.14381394 0.121329986 -0.13382295 0.06511305 -0.08268571 0.084731214 0.19100915 0.1818002 0.13734245 -0.09288906 -0.107070506 -0.12302198 0.045187943 0.05677813 -0.027822284 -0.014365825 -0.07781131 -0.0969459 0.046726137 -0.027252642 
-0.010371674 -0.1421756 -0.022284217 0.036832 -0.07804115 -0.088161975 0.036270194 0.09305973 0.08814045 -0.17927769 -0.14413641 -0.066410474 -0.09930246 0.09293377 -0.024324453 -0.0482192 -0.12925236 -0.08004379 -0.012987587 -0.050575364 -0.057881992 -0.09561669 0.026260221 -0.04507981 -0.0035591498 0.040240426 -0.062123623 0.14553474 -0.02353079 -0.0019451298 -0.08698722 0.13166374 
0.13164526 -0.17273314 -0.111559354 0.03588286 0.10246835 0.016741639 -0.00412627 -0.0025128445 0.032139484 -0.10787115 0.06821602 -0.13381772 0.02770443 -0.0299891 0.09747169 0.043375667 0.0048241485 0.01658055 -0.115889035 0.07218316 -0.15050046 0.16795705 0.06908366 -0.04528108 0.022854056 0.04661267 -0.07904421 0.048891053 -0.03200225 -0.08160005 0.07033622 -0.12686746 
-0.02301952 0.05180013 0.043985203 0.025047025 -0.018493103 -0.0125551745 0.04721896 0.072606325 -0.0023558817 -0.13645437 -0.016176308 -0.10647501 0.043439317 -0.005848547 -0.1450596 0.13343945 0.06245923 0.034277167 0.08071491 -0.07952548 0.08827161 -0.14404891 -0.07367238 0.073996894 0.020024313 -0.010641244 -0.15106492 0.006952522 -0.1341318 0.023816867 0.074681774 -0.068044476 
